235.58520302179298,247.044583986
195.365279167334,197.546396657
251.79720595022098,241.705592469
192.639265493079,198.315638783
207.979552156412,219.515642637
196.47340471444,191.067083756
248.46438930656,250.2828198
209.31745051892503,214.425470748
160.711666697282,165.430098988
234.954597087491,224.436992008
179.52487388920503,176.984611702
191.25408444246003,207.581215195
170.752581581532,173.512788119
227.485251909096,229.932311506
228.954511253333,221.512922921
251.65896482369098,231.278613043
214.76821784250401,223.003218346
243.76814891407798,237.848603377
248.66122130241797,243.344457235
186.461563680751,187.571520909
206.101631865298,204.203687074
274.114868524166,251.172740016
213.04864675092887,223.326912287
204.535628214073,210.527588923
233.190239853452,236.459490589
154.943522422408,172.202911925
264.60461681564203,253.796192473
204.096649590637,210.221774112
192.684877729268,195.02456862
209.69449575129,210.327912991
238.486992729704,236.727545463
190.850008278273,207.512979727
288.496338897724,264.647282212
277.330180441519,254.160676122
254.419307540983,246.133664388
201.197334417155,206.790791556
200.134560600578,206.13482564
201.34919994166302,209.904958272
237.05619267952702,243.403726006
220.134650144782,227.024068856
217.78837782990502,221.252900231
204.525765496996,209.922163462
221.965814182637,226.655848496
196.994153701054,199.339274025
195.228149086344,201.024344408
244.40244802785,239.395558858
214.033514933294,207.038467441
239.759114171572,241.928968807
243.75262021111087,228.559699247
232.86211074317,245.414069427
232.52335204525002,233.202798814
220.888272391611,226.720814146
127.445869407154,139.566134148
173.81210374627,193.504571748
207.404119183204,203.93442202
236.70219798865102,242.073505821
165.488737756044,176.64552381
223.081144113303,211.764768772
252.900109263932,239.398402239
201.598973021252,193.638340061
221.662696656832,227.53809594
208.471112851601,209.042573102
193.74093734545,199.116414652
226.283479119492,227.158601003
205.88228572346,209.167675573
208.850127568825,218.606592135
182.973235574739,181.546516725
222.05840958462798,233.019750553
208.327453587966,215.779498975
262.73054818777,255.411044523
219.539162240271,210.715094481
171.923181664057,186.016601963
218.959006087309,220.161873436
284.827420156521,277.507154401
276.539778153136,253.596415109
200.26587968111,195.932602073
227.55402620080798,218.124219151
227.42237093004,228.6265062
216.521577697914,222.019529753
179.405221579868,173.832255523
187.960516013746,186.991880941
179.25121741210603,195.590476944
211.312192672169,215.748298951
245.05037091311598,237.468897507
180.55729419688498,187.198878493
221.123889189189,224.238749307
161.337787599002,189.466333612
229.868881524982,215.377703414
182.51223228111698,196.937105588
308.463294308992,274.582979535
192.182126836683,196.816769548
249.285316696303,231.608687363
177.460169103531,190.693673191
205.99992549369,227.741566371
237.750326975811,231.595838315
217.96346393518002,220.75164417
206.72643736980098,219.34097953
205.521290726491,209.607687233
169.771838891987,173.979578638
231.42506506293,232.928113783
212.850395924217,211.171642787
179.729004056247,181.251528805
206.509076331687,203.413414266
205.055680147238,211.869302286
220.186705717978,226.23183755
305.83198389378,285.097728118
255.49356577264402,254.256013947
249.594322072486,241.456830815
205.482207535082,201.68657898
208.34411513340402,195.967593109
277.084119175679,269.982433738
215.163589216799,220.22157013
218.84622408566898,246.338132374
229.581592412687,229.447499066
197.42943794246997,189.950518024
168.69042740132,181.832086742
199.349419471814,201.982158332
176.91097658293097,173.028758643
179.38395548804695,169.599053379
185.267632303339,187.614862433
212.89975884478199,219.655717758
192.68014102120705,208.497273824
200.58517220232102,203.662449932
191.165900847518,199.726576211
184.501944998527,181.060966538
257.33206174922003,248.596249703
240.10270539153402,249.913999469
219.255772500159,220.545551216
198.48735609083096,217.492155758
263.734238187449,250.161651911
193.293285448515,201.648513227
194.935796985533,206.460601984
195.512691312713,195.547845325
218.273111573128,218.9834421
193.348123215086,195.259051144
202.077754840355,210.255604779
188.226221535643,189.151640913
247.80754849882496,226.145083934
223.130437687236,225.697242021
171.41482364421,188.680301857
208.912627069406,216.287729332
191.252887013469,206.285351043
187.381529015061,188.790322376
210.81006261415,209.773802036
218.250837911275,214.131521965
240.760497277796,237.337368463
211.044755874295,209.0729118
195.68034378898886,202.86730922
137.250251683865,146.431749142
186.77992286027904,187.306218161
209.03123215978698,205.570276634
192.194682794836,195.427543756
203.80996416732899,204.50742274
239.603117669987,236.499335058
262.963613993149,261.624238889
189.09097088112702,192.15345122
217.18700607284,221.452513338
237.033334725265,234.59119661
246.183676069473,245.913252066
191.137253949833,199.438951957
192.472243413588,187.534100043
235.422986046707,228.366965698
202.957765019002,201.952079924
210.210670820103,231.853907464
138.251950867863,158.510048971
210.76359934898997,204.282543059
237.965790757963,231.701309777
196.548510155452,201.01203526
214.207191219442,213.923743311
168.747155131318,184.236470471
179.084769688862,181.696867341
238.416598389434,242.132936711
224.589942389301,231.128937241
202.135097107531,207.31452703
175.95466309760502,179.820225703
169.04153188347001,171.115624363
191.973844371946,198.90330436
158.729963864122,163.83824978
253.05007185628102,239.786931149
233.75407839289286,229.293746692
189.573839620597,190.046541605
202.64121805545398,199.382527014
197.53251500292,192.987748835
214.992160067626,211.85603547
191.860214536462,189.509707875
209.213904296851,200.588362991
207.20250829221698,211.876925063
186.96408644999,191.614002537
255.172272266664,237.663541075
213.682127314372,219.965880595
242.47253811571,231.515029873
204.017996474722,204.991800179
244.93021895906202,242.11942534
218.330162253819,217.945037376
250.97628820948898,242.990304656
246.722050980869,240.843838279
224.768547689222,221.605798074
211.962054941463,213.595644167
195.06927682722198,236.873388833
197.777735302111,198.854853492
225.803632264133,223.403695345
215.814494063898,227.35345535
237.851676375561,232.294988421
177.240491805264,185.394065924
200.510808698184,202.613222298
231.29069694090802,227.084746322
174.276465133919,175.734520647
222.255332828718,213.790395935
224.39312284475798,221.627609069
186.07530822309,182.011522932
214.68091874819302,226.909263256
243.57751496707505,242.803565022
212.61745116987498,233.425094738
204.070811172147,214.832738103
204.382883533756,227.09521295
208.206976379562,217.58106796
204.725038959325,224.778614503
205.44174288225202,218.153498804
258.31774335346597,252.928266216
176.21646491466097,182.972658251
190.55687394747397,213.869290833
174.76246669750302,213.534627203
219.29920578748693,218.231143415
222.114108364212,222.096257902
197.45923043821998,213.166493144
227.09215165100602,222.220062512
207.70614073983398,206.852150049
214.07964854994597,225.68951298
270.21536674157,245.291263756
178.097126380556,178.675952588
220.23019482297403,213.573290834
180.88432292299598,177.396200349
193.424851532757,192.105296026
279.908922311259,279.695489541
202.77601003228,216.214206295
213.07545352269798,206.513679882
209.215395538512,212.068897823
189.126024484973,193.399459493
257.629804954268,286.447800369
220.168506041482,231.154091535
215.492168533877,222.852547754
245.84317748349702,263.606042154
190.363473436238,195.592644092
226.17614249572102,225.951750754
233.30412451185902,233.658662549
194.624979327589,195.96061878
240.530285404063,228.899062996
193.459391822845,189.323336322
190.232486355805,202.278671667
214.146429941974,229.634706039
188.160031855003,196.034318451
174.124389743067,176.917950779
230.34060027016704,232.78248477
276.641637092768,289.940323307
200.632531348162,199.006975057
211.854490349732,212.463969889
219.930235516679,226.959509024
218.347810123945,213.48816846
211.684746767845,217.600151594
233.279865466804,238.448110881
250.02251584001,231.147251925
219.94659785159402,217.009201133
214.03465233254903,219.678134294
244.009957868409,235.259143227
201.82276830956403,209.87438496
201.45721706432,210.465340507
158.18802606472602,163.758414377
167.940908251399,176.612546957
148.86175668654,157.195658386
210.588172310795,222.008117324
223.397742992693,227.978199138
203.179160313727,212.995559341
209.754361306156,211.055058061
166.990065225647,185.77249167
237.917043920264,234.21208562
202.918063922075,205.255413281
214.588881226599,218.121385175
209.03809219583096,216.780307109
249.100918985069,266.096108584
210.810735748143,201.419583508
190.10046307089297,190.050483182
189.30438866524798,198.741174686
218.169276331427,222.697127419
229.33164140078802,231.677296265
185.450784659883,181.910764908
201.277366455309,206.862774303
202.64084902426399,211.252899239
200.81305508035,195.32421613
181.486742478903,181.881038255
251.719706602363,240.066654294
239.78423640178002,244.795852192
137.66946387496,152.494569636
239.218530655179,222.180163021
302.44925200455504,259.076223149
181.66860653750197,187.96668081
225.329205628518,226.128397308
233.422515993394,231.222872624
207.577534962009,200.599164857
171.572712441783,188.341042327
203.59347219401505,203.740020799
202.620761308504,211.39024199
268.314394212947,257.185007327
143.193401986574,155.023842734
211.444339232481,215.223674008
220.856676177586,215.48560996
235.400904190359,239.739120691
204.087738587489,219.911547362
219.761707508415,224.308248724
196.915213648717,187.860136163
196.464750433357,194.990054889
201.80904633127,199.233135978
260.502473345882,256.421343766
251.50299940567,250.877692507
194.269699525214,207.105197916
269.451301725848,259.545241187
216.966544470634,222.653891301
241.747144964667,240.886928144
201.91744295849603,195.137235579
214.770356412327,226.145760724
226.43491905003899,231.601916739
219.849611282759,223.002426228
188.32351862180096,189.900545804
203.586825837607,211.460956236
273.27217657993,245.366373362
182.97301676034698,203.356702819
226.847697587527,218.32039062
216.086539138112,216.455861608
187.350017022272,195.964366856
238.56181297643798,235.898932288
209.245323598795,220.355685508
265.87259553119,286.460628635
298.743317595633,291.43840461
206.004033777126,207.919680094
230.75771923182202,231.664323748
255.69202993970902,240.608184996
253.51149899703998,245.570697141
256.23292437646,240.306029977
179.781417436063,188.532693677
173.591913256978,188.780978829
215.750757477658,211.090393926
212.15139330900502,213.083549711
203.28134303442505,195.577389922
234.47335727444698,234.137718098
95.190578569204,111.837293664
213.2454057871189,224.154208527
232.402585971583,225.798141666
180.75103799712696,199.177528139
225.205990496361,254.533339506
186.359634760656,193.914808948
211.946808665457,217.836685128
190.14798800558103,187.487143969
194.633331984374,193.723003597
276.324623944463,266.333852984
236.806674190969,239.27039892
231.77842456572398,229.756217556
209.228983179921,212.728594424
206.680540818331,209.425652638
225.983127060088,219.528958387
212.743418895118,218.37245575
210.567567266399,212.578275783
204.084324533992,210.114123145
195.779978179306,189.517153825
220.148848286996,218.888615632
224.727775943014,222.362093731
184.654125222294,190.481846538
308.626524718104,282.049027119
166.789496798717,171.065503441
187.142081077662,184.400091406
250.586876709088,245.576132386
191.107929350038,184.739458786
218.37831854742905,212.876164682
215.46679114413,212.141114878
195.515028366228,199.934839267
177.230814374898,199.984588671
216.086539138112,216.455861608
205.542510628961,220.37499835
216.632419215477,210.255034026
190.98423064621898,189.021785781
229.377874433139,239.1280096
251.728455371851,242.706781269
260.012168746317,247.813077423
209.71030444963296,207.559475138
210.365523692727,219.829763706
163.143733384303,189.258065822
263.204141741259,264.955440926
211.13603712837,206.662647477
208.93788278953602,210.55104565
207.013403825152,209.328721674
220.028009209782,215.132049075
180.85678697407602,201.141338741
203.857320472805,211.06930132
230.888893673044,231.80386581
187.353768192982,188.787712298
179.452758719244,181.266168008
240.810354881424,233.103903472
194.162139131119,193.888713143
232.950496134086,227.679596529
206.394037408257,203.157953744
204.340739267113,195.78620181
195.277430851254,189.118068117
228.60325398802001,235.826374969
201.17576272705296,192.062256151
177.732764357472,176.890619261
223.263379890363,222.804092125
203.77036521168702,217.579564024
214.23981091765202,201.173533804
222.62845554453997,218.937003227
211.86440346876998,206.237477572
253.64399763956402,246.791764848
253.52435414537,253.289785005
167.513168617593,167.540156232
190.252095104713,183.611556339
171.122822714093,176.139323822
181.96259102304,178.341877366
171.747061878224,171.537738964
223.74327830867998,215.745296434
182.531119545009,194.505592501
210.01053323608602,208.11556812
249.00501727268502,229.392384648
233.188030954748,227.005264836
180.797677722122,168.134811313
208.440263808231,218.767924608
261.205397827177,242.181335169
203.35151527826,205.854707359
206.37891132442402,218.854814438
176.02117847794,208.112628521
177.73437717080398,176.488920534
207.387568259827,204.740635021
272.309341023777,258.428761987
196.73173980745602,194.537437648
238.983147714384,231.819337359
221.24569687591,227.314031084
192.43966932209202,201.824088066
219.90283096113998,219.875312042
244.381149919515,236.628232866
140.509449111631,154.023475783
248.582505208777,234.955708172
231.56048506668893,233.19083305
279.031929424369,267.00287594
216.94650258113498,205.96726793
234.733573213423,230.761258562
194.163751443344,192.02954195
196.34153977018397,209.149843394
212.747951645891,221.517314831
217.201579679496,217.322568145
156.329550080956,163.097876845
294.035840191632,266.498767677
193.26847110891399,202.157234392
224.46368994786098,230.621058695
237.150745121587,234.549819788
259.343386318583,258.416249101
249.57657596040798,241.778465606
235.041668664721,226.27137345
239.064262335775,246.000276294
241.33609959157903,243.810483802
197.35867750164505,221.966007554
213.71805293707686,219.932956469
255.667994742581,252.494611219
231.301045322774,234.155873745
265.85150300382196,274.794054984
213.973520974086,214.306538869
197.44534499355203,210.165183777
242.426736629697,242.514243796
243.925709148972,250.832757883
219.657369514114,232.626460059
214.429909842905,223.648815106
202.17633201376702,199.849910076
235.70713156874402,238.524741611
196.61137464840698,205.227855576
197.144441060735,205.416769532
223.626007659725,222.852778342
167.66909298822202,183.522054093
201.43285554871701,209.968505125
182.582567606526,195.307354588
173.727019816288,204.606411091
198.366012134156,208.265084143
168.200043105475,166.107290071
176.254656126535,189.327138152
168.902921390814,188.915269734
119.747696542911,138.9480191
186.22659874361,198.196544312
197.553975275332,205.42425794
164.865054927893,174.113989286
219.91979374046798,217.517601068
224.810820187737,225.929239309
204.66957112775,212.557796512
167.658319242419,179.290894386
160.80915540779802,177.076632801
160.40558793603398,170.34676125
150.100995047379,161.509446017
206.815795922799,209.465093267
171.27237839631098,185.190026989
197.599167049332,219.015496482
184.665959213059,196.276843209
198.49157977832598,210.789857317
202.44352092882,205.454394169
205.87323203887505,217.632983725
226.233848047984,234.500685789
209.60606653716096,224.494262296
221.685916728228,226.756806367
220.69995513897496,212.810832409
227.68527150501203,227.941373529
249.757157412542,254.748198801
210.348566748871,202.960177265
236.72753371884102,230.482432702
197.80893103996002,196.800211729
256.69736955587297,238.484344905
239.1873316145,228.085360923
222.878039147236,223.179982062
193.889172538368,197.714466372
189.56526877402,205.35104102
205.312651062426,208.17435142
252.19108611245602,241.98473847
233.513895353325,234.475080187
193.51853520464297,201.52720533
222.076006557639,224.802692775
283.735744952114,292.874498761
219.86389299519797,218.223104389
223.19197184655,226.060151907
208.19643274197603,204.895624744
190.548078112349,211.096968617
193.858730758117,198.13283041
174.23315630468997,175.802251805
194.166839819069,189.05976157
212.62287759210602,215.199132163
245.505011610044,240.355965593
198.787189804544,196.008025252
195.19158979458803,200.692425826
217.981113084857,221.960577819
237.99690298902698,223.966622764
160.58541430357,165.891198021
212.585054598994,211.629993969
182.572553477854,193.377001444
182.876428528642,192.138871922
146.123082640212,150.997271362
182.52470289563087,182.515775474
196.853857172019,201.175938016
190.074910851823,195.806403808
206.024682304098,215.34175882
234.785404695611,236.354540106
189.24531151651001,205.439051668
217.366927392925,220.44441562
194.40003999827,197.277810116
203.915825193545,219.674231189
237.94947419469105,237.386356628
220.354830855176,218.549961157
210.83593223494702,214.510832898
186.797606856698,190.324989645
193.065789270928,186.518343003
198.215613882738,206.61904014
205.232896322158,217.618170355
218.728873732653,207.297634684
194.574595614039,193.705379573
200.67412453764598,198.915129613
265.89132786902803,251.346531978
176.333881260307,177.247831099
177.187924165135,179.736042858
249.599126428287,230.638663591
203.97221426249698,204.338719218
211.75284601396496,213.69056357
180.993101019251,183.08193603
238.185227436045,236.917246023
177.83903988777195,190.058591779
249.470547637903,241.888822176
212.72837763100296,206.442296438
213.703244477556,220.65824952
155.178295951988,172.730503587
172.35002546543203,169.788306864
210.78873348029097,220.621513164
198.336389282539,196.584509605
218.409170024113,241.576534233
243.32163142748902,236.057224117
169.308670127453,173.513270693
83.17386903895991,102.942505022
219.594497460724,214.574393532
240.64573846473098,238.152061691
285.236089051956,260.806871318
223.57106077357705,206.306840502
212.431749913918,216.569758278
210.07323180769902,234.023769986
187.973188770918,205.511327344
232.832814839109,231.14404991
228.825401743206,222.01468204
172.15914729918998,179.831264842
195.872493635547,198.9867434
238.20641905517002,231.164806929
257.853743276985,255.597501488
251.74662368899502,241.888946186
254.97921490488704,252.17211297
253.064617630226,250.464161894
234.362860376337,230.343632828
194.538782499131,188.310792198
209.527290088265,213.175207412
253.177525924004,248.317308387
154.992987271147,162.091047699
236.423209313894,233.279319444
255.71284675214298,246.935760703
239.488655981468,246.628107924
214.90814938447102,216.983145848
214.053736912663,223.980311078
225.881188613213,230.991657346
175.623507896437,182.941117124
241.874934100575,245.542764067
250.907407588082,243.704557566
263.290551577784,249.620861108
145.163445462666,160.220842224
205.311885758874,209.576314625
186.558176474352,186.674036021
238.120552831462,235.841750237
242.996944616715,244.817624162
219.948075602295,215.53967729
197.73139571230598,204.599146409
242.53451369010898,232.600299617
201.17121202605,210.747302998
214.91546754077305,212.247329175
208.84907883617402,215.628165023
198.837525980884,199.885948876
237.151586895732,232.134471545
242.19457500339905,232.292385745
185.716638715979,207.530917819
185.417311403363,198.237684876
218.431436402672,214.949117295
267.649170819961,264.683642191
191.907953619771,191.010548413
186.641512853297,186.935604255
193.535661027864,186.850341506
178.58211575665797,181.967497398
169.982413405475,179.704108915
185.629466850145,185.801624407
193.50706930279702,196.885240968
193.592035887952,186.475068569
243.15782690970298,245.663549802
243.235745720565,235.026142797
237.454302405901,228.833846978
223.537849861079,225.419351947
197.151728265331,200.986689246
229.436006596125,232.609496998
222.247514627377,222.453504073
187.688785954014,196.085463317
220.08655658061002,219.396400172
275.958690811199,274.764066849
194.11620551983398,202.636873288
238.55863693633486,227.510158593
236.53955090605496,233.37813116
198.595748110382,209.474250076
210.917906926509,209.828224975
218.817154540784,225.483055425
191.211927430139,185.684667943
227.451412933764,236.565420802
207.74812493477,227.05872462
208.65614435224097,210.549942719
268.91610631471,256.265430211
242.65492896058498,244.759804511
233.52420603795,223.389217405
211.912239424145,229.393748968
188.752345196887,197.505354878
161.545064870468,183.399734675
206.695305806961,204.388622522
203.434874171037,201.818171287
246.182114785658,246.650726152
222.470017360177,227.719776098
224.050967223154,223.008360187
171.227827965058,184.874196322
239.455698915723,236.473665038
230.14670031101105,232.016246471
245.67375514158599,245.748978278
232.21369220384102,226.421193883
240.60605352132802,239.419112628
234.279914383482,235.09873925
237.348169971436,239.366341167
216.37008959468102,214.615731176
222.66510583419,220.354074405
185.12342457701598,191.900860107
199.637574817472,192.614112891
208.09533135327598,205.214511199
199.316799891912,196.08131886
186.016535536134,201.254416343
230.449038635495,234.681125256
210.781471238211,225.096585019
287.421851802913,261.263954388
183.72465306239602,185.398619248
183.16626878671286,183.120120691
198.433886968372,204.044512229
230.799122629701,225.016855051
207.95174768270402,203.339474973
199.170857450339,203.740120702
223.82482875534905,220.050852912
196.49093539793998,199.117448167
241.192249825893,229.669935581
265.142165318379,253.93603386
204.050723706904,210.291395077
213.60184155415504,207.990108415
186.41726150827301,187.965944401
238.273113555157,229.196510292
267.744250101702,254.11253944
202.028306341401,185.825342474
203.62309184047797,216.454088659
181.805997153236,196.600148119
169.684790693986,170.322710907
183.108771700025,182.588751309
241.020702399804,238.685054932
222.465072275999,228.66065531
257.175083337348,251.4370973
175.748517500712,180.37489511
186.84919430631697,185.322182959
242.473699686341,249.118745525
259.669840389404,254.743291842
236.217113090741,234.244183691
181.348262598792,206.025645843
203.934129561818,213.714591704
215.335388823742,214.723215396
195.235850442444,206.721213385
199.37663361297402,213.959923926
232.491476567435,237.597382086
213.21218802126202,215.286808113
211.15137108986198,205.215546445
216.527848430095,220.230561168
208.033734845801,204.633861249
206.84835932881901,205.884186278
183.591101781436,177.450061635
241.410018855739,248.620763534
284.660019256721,260.17273378
243.478863871414,241.24075005
194.945714464147,188.895467289
216.585350226054,222.131311362
205.7537016713,215.58029865
199.690232547141,191.344677684
258.824750371927,241.366288499
244.67281851256698,232.404518868
213.637406659408,205.869578554
212.806964934221,223.901440637
258.876660494477,251.20083825
214.914424770733,214.321309354
163.894392347593,172.379334218
191.191569401566,192.116585875
248.119922659374,233.165667283
289.014004194451,258.301942691
205.645791887162,206.122640237
210.11906954917,205.694315801
182.05861837384103,185.315961595
261.324581260388,265.390736588
185.29471321814705,187.882537
226.85234052209597,207.239806762
197.33295063213902,190.105028806
209.835148945646,228.199408836
212.52016397837397,217.731862993
216.086539138112,216.455861608
192.787217902424,193.209695476
208.25026685893502,204.334756696
271.86418112108396,268.482834472
209.358558413722,210.911117355
210.354862874146,199.11058514
182.876428528642,192.138871922
277.291282094542,262.125975281
200.921174859102,199.945499871
194.088891047743,183.472492392
173.633574283894,180.023752748
206.88129370852798,213.560466467
184.380520384478,188.122045654
247.26322373396096,248.682710532
244.21911671696202,234.503361379
193.65889173006698,188.899033136
198.09126265257999,194.208455831
188.614905890891,205.843589514
209.01503244807202,215.678132132
232.432589355597,242.122247187
232.52982014404597,245.905108623
147.87863812432198,170.544447026
190.23186575295503,199.13276173
