217.790381119399,213.139514476
272.18744477022597,266.865959485
180.705214143131,187.557180446
199.624625445633,190.207893474
175.748517500712,180.37489511
211.44212842602798,228.233863222
197.376330281834,202.659511454
239.03686132169602,237.335911001
216.735689701749,221.546925191
209.146899661353,208.515018378
179.01091432712502,204.314763977
172.08077969589402,170.647015542
202.54773352919,213.809254203
204.45223150450698,221.570924758
205.139756911716,211.311203864
239.348352283868,228.350733868
134.092592964902,177.236247337
134.092592964902,177.236247337
278.915988009876,273.007320576
185.11365826902198,186.403984327
203.669805078502,211.988064429
180.71145671852798,181.040902467
203.738438029226,202.978158453
208.583708311811,217.887202825
195.117933763726,193.456267495
219.927290699892,232.488246456
206.79716729197,215.245340127
210.361606300237,229.677827023
254.003216569993,243.9315402
204.774401129305,205.125171241
185.408216000459,208.600515216
192.48079249138598,203.197027742
215.22248363383702,215.254353104
194.18787704486698,203.389895861
216.13612274246498,211.636598171
199.603814317966,196.738245513
221.83899632617198,225.138729137
216.64996826802,233.000336066
197.039158538345,202.553572704
217.138152729337,212.601579379
173.23495524426102,179.455200802
197.147182282365,209.193532351
161.521657395103,168.888127321
197.805514477471,192.27949728
232.94223430065398,226.862072054
175.748517500712,180.37489511
133.360426257254,146.697753317
224.046468107408,228.790479531
181.098260353348,188.179094365
227.815919020911,230.423316542
245.656297666585,244.668819228
209.083238675475,214.413173244
215.38394494672002,218.286499107
170.887264550543,182.713141816
220.055754027933,230.876737372
191.92490179800203,186.895707413
206.295623126898,203.272604887
248.14931531794,245.023250317
238.85283629454602,231.98072191
234.603288242658,236.760628332
225.88426530898,220.340268902
243.72150443166302,240.542170036
260.604833127224,252.533694368
234.58432491155202,246.149580792
210.64669607698002,212.785002297
239.718985282729,230.343725729
221.383147888618,213.875389196
184.063985174444,181.975992928
213.890224060795,209.56025526
178.405930296805,189.259053735
242.16246805781898,244.470798175
199.62657645502202,195.707972299
260.710956754245,241.729871616
196.60915179367802,191.797439498
272.745627938079,253.725655897
254.147631358984,253.601412082
209.95472361613,211.891698665
245.74178691042005,239.601755691
275.6061405437,300.392481938
209.97126033192,222.975165776
221.81214308891202,221.500597488
192.43973207369598,184.949906038
151.137321759578,155.616661988
182.619138481463,176.832137754
204.970099204839,212.216298742
214.5204987546,208.27700032
260.799550989375,254.636488299
193.005107995644,198.05188993
197.69992781788997,207.446164462
237.076712955014,228.76098221
233.938037939291,224.350647263
227.773026815289,227.619121103
194.52453841500702,199.265538115
217.234404060525,211.832000353
200.868681972487,198.544957348
239.575401659891,241.502875934
238.167230832812,232.257378983
266.49384705196496,245.520284427
223.775405798997,220.110494723
229.14228086036,236.025027156
204.34772400288202,205.602515941
175.13545808496602,167.113187979
230.034332104441,230.922998172
246.078963573578,239.420632552
189.09062987798802,185.850787448
180.21856358132598,193.952562077
203.299946133673,195.11218081
226.500571822128,211.382717289
193.542816408902,200.835420937
214.930367208908,226.62817406
272.490252558644,265.948874549
228.46775208367802,232.024968959
209.968248992084,209.134998221
262.042861348845,252.669198148
229.812793723731,226.714449522
211.248574298125,220.477753166
204.37418263423302,197.882649201
191.776497107314,188.881609021
185.772811787117,190.209241342
195.80105218324798,204.791425903
185.895205876771,209.681885099
214.22370873258203,222.997228604
198.41912472189898,211.973649217
198.485618541718,212.486791113
178.148572785448,183.61944567
236.06523012031602,235.290208365
238.83142383100602,250.228648339
232.188006231156,242.228895523
246.182165790522,241.172548965
282.40899194147005,269.548010109
219.733102234782,229.214585286
214.240900811194,208.595664554
128.51705557564898,132.329517597
175.57578083816003,174.492664042
205.09352177088402,208.712990151
232.731283199936,228.845632971
215.957091512899,219.221215521
140.120043130913,151.907727328
223.495850546071,223.997682962
230.617829992221,231.129645316
222.08770966870705,222.265448588
188.205432983277,188.020596959
165.58925977395398,178.498350248
282.915829363844,274.783363255
230.63226677477002,225.022546621
176.35160050592,178.867816897
211.804257082582,206.75512702
207.057629539402,208.476110778
167.658297058749,172.170615303
219.688978531022,214.293953364
216.669510174875,226.453605801
190.227747644697,194.039959426
175.748517500712,180.37489511
202.655927177314,202.051651554
216.078215636814,208.328683492
210.862590994739,205.73316336
199.69543368284099,197.489501057
245.65890926394502,246.94798532
233.71648412512297,230.233647159
265.002863778379,252.297564372
244.279766596641,243.823673195
227.291944458383,225.464980442
209.937266639515,213.503880235
248.88529313080397,245.403064958
304.37702565531004,267.249909737
259.723071784554,243.312567147
161.680266080494,168.502390949
212.875360501258,213.876380751
207.78647907413998,206.242328029
211.84192473114499,220.779792436
207.332460957421,211.679933879
189.96726684314999,219.762473107
180.239833382449,175.218608871
226.883308273983,227.600030515
203.479332143612,210.535784922
175.748517500712,180.37489511
190.201352706385,202.436771197
194.24557773358998,191.624544132
191.51633737022,191.620513634
202.541357599334,212.666030823
254.85585054472,259.997916988
213.429640711993,206.486193623
204.43311645131698,223.872548573
184.301033593487,189.011423218
190.093715481716,190.088341205
216.76619552810902,229.616382135
216.85852753959801,214.554175385
250.268630376702,246.335374467
198.971301283876,204.962027564
207.39392846800598,207.015237496
262.620961644255,248.17434276
168.763238393591,175.902403061
206.48405590122601,222.765362644
212.715040781343,205.44682437
246.286118030747,226.965067333
210.199096724925,213.509365223
251.475243536198,242.226435054
207.774437281008,205.920596938
241.544472467984,228.162069148
237.905883085267,239.887989446
187.700123886977,197.761668278
237.812239196007,243.498828682
249.462015644787,235.158376904
288.437582134635,260.710647924
258.37874314592096,255.294662422
180.20164342909402,196.194610656
212.401369099622,212.112744005
211.75440020082002,208.135809751
215.650119803998,230.407253167
155.47152721590402,164.354020908
205.659880777612,211.082975337
220.601793321311,236.162129147
209.90857586645902,219.526759173
209.469628182333,222.181729354
240.316715399286,250.992389216
195.76612055710098,194.590703819
234.54120288318902,232.324222706
180.945615120585,187.184344373
203.34861154653802,200.804230347
228.42745087447997,240.019715992
172.20617431278998,185.700159808
168.203206720748,162.213662393
229.472582942444,231.987685699
214.591698834039,208.226732384
232.835533976484,239.984877291
203.489221948476,203.100780695
234.611778410667,237.606226221
263.70370398841203,247.650836325
220.442805461665,222.826304709
170.356443894569,177.283127722
200.869293341785,202.34280989
254.70061789296398,237.63372311
238.015918430075,229.825089486
171.734876220237,173.400818716
228.401682227664,221.370663229
268.514938500215,252.762307695
213.859582922054,207.620966804
204.98149888614398,211.340790667
153.425577714826,164.082094481
207.266809397476,219.502300399
191.90363519512798,206.212697664
197.84263099344503,204.511860535
232.682103351396,235.250098275
181.285566621447,186.002010954
176.082164605201,193.09057756
195.66627487197601,195.600809744
159.408193009518,167.959288631
273.200360146523,254.575330511
189.708530908824,199.770505581
208.25462252638698,206.712169183
225.47376100248698,241.759774631
194.198653114154,206.382867091
210.667306533602,223.132696632
196.551745087697,207.740894638
177.410749715067,185.650621417
233.598205587609,246.679964236
221.88437228441398,205.59953095
223.249706606688,228.502455602
249.84073475512997,246.656702263
246.207016207915,235.364664504
210.81387791597598,199.868921068
196.07202259363999,201.369467249
207.564186596508,215.434489408
221.772027708922,227.681382974
211.392773043012,218.952039308
233.498241459004,229.0124197
181.999990594042,188.394327418
196.39135800231898,204.13852547
193.80292427953998,210.685102872
240.705501785013,235.764751831
178.147176050474,181.161442751
181.57729645683,184.671053947
263.410944568049,258.291821739
244.722998950353,238.46708577
198.867780292019,207.409045306
200.878680818767,206.919631402
216.04011557689304,219.754773946
183.898716893149,185.361110248
224.763475034263,236.235741086
243.383023728975,233.668777417
230.910576758506,232.658172363
188.752345196887,197.505354878
220.367334337254,217.605800028
218.26221274505298,215.254728612
194.192418336175,196.296308491
239.586121104935,234.962366099
212.44255453169998,213.410764681
240.298108027856,234.229964818
243.367031995331,237.404738541
211.9026436189,210.539791615
214.259636106642,211.951165696
227.213766498039,230.513734817
224.27168630118697,223.914643955
231.503485767112,229.568123401
216.809882611381,223.718755454
152.678783601453,159.629262574
212.305659209611,211.751372942
191.68547845770402,196.830039184
254.258413953647,245.971526966
220.898359641679,233.267728192
227.36046583619898,226.866019928
280.757011354084,268.718317003
199.017828089111,200.752224188
205.138129558063,199.401969459
296.71483020146303,275.210316042
234.407148109017,235.856959795
187.250380962127,202.555933307
190.15736729592498,195.448854602
153.50340786278798,164.114555234
198.227907152876,196.309475335
219.944453465454,214.284033422
216.99104751592603,205.094868351
242.883296914325,234.949667159
206.966776865014,200.949985572
218.931057312035,212.36791222
180.680111416307,182.321005446
245.454775877104,237.858661208
148.95375598053602,169.28710517
173.260124589468,178.17213168
231.288340873348,225.936478942
243.619590140374,233.965917445
219.473900656939,223.371105444
235.568193841637,227.482505604
180.692136819166,200.068816539
229.819527879721,211.372340081
253.21136729602998,244.07040466
243.079708293774,231.991118575
161.750573388049,161.665483313
196.39235591755798,211.162879945
182.558651362032,198.488419318
214.822588067305,218.897908634
249.859824466801,238.227475413
202.102460497404,202.378894767
211.999049879074,226.999758422
232.298122346102,227.669442199
235.786782426384,234.509100884
213.540694404566,223.979397073
212.09391824162103,215.672397007
227.01489501302,220.813984585
154.010728051784,157.049171972
226.449870007579,218.936523209
176.69915801556098,174.574691559
254.42087994309398,243.368152219
204.37214495393397,215.810002875
221.09199531951802,214.068849078
245.50714795887995,238.21679884
221.496106810818,222.999227149
223.18191276675486,221.352245003
230.74367302978297,232.01995353
238.384420998221,219.433362776
245.26197354622798,233.235053696
225.87791339810002,233.588841169
281.355824560323,279.352353462
188.351880830722,201.555947216
263.491464501119,255.94391608
195.892365019463,201.66429374
176.593109171908,183.757443366
231.543647101419,225.437656278
217.00886995814997,208.840908696
170.972119158264,174.322662902
234.349749453915,243.571632082
183.395691269552,191.469564963
144.255380133643,151.525830654
221.92702435290198,235.805733515
252.37849642114296,240.219058369
187.12781896186598,192.004631073
244.811650576403,232.591087848
282.920046752217,267.404961552
220.262388435343,216.505992175
199.870111001427,211.174418072
207.03939669186298,205.973680628
250.352407455415,239.882149564
210.594075337608,226.585277703
216.14356439908101,204.833890844
191.506046133191,191.663084655
207.696167541185,207.619756855
184.962254282062,182.22220258
201.548602468858,203.223176504
186.19117340419498,189.093324233
219.638517839551,222.307536636
185.08175704475,185.222863922
188.776121710322,193.090675587
251.74890428353802,245.551014995
228.72320790377498,222.744360444
226.42673903738998,215.01730088
176.32945558029098,197.30959123
223.46341624786498,223.459898844
256.858572076057,251.236066901
225.73199634122298,231.404437183
212.264848802557,211.082838209
235.831832376604,242.96646348
213.826919179282,233.196931527
229.01809277220698,220.586602068
180.120754923065,177.588450508
232.52982014404597,245.905108623
229.85931190201802,227.963593034
175.748517500712,180.37489511
206.94936289663602,205.505757559
181.428123681385,192.38113132
236.010595065817,242.67463448
188.420108857707,196.263730741
231.046924842169,218.043290368
178.25361491692402,186.734876746
179.687363894465,184.658809197
235.58520302179298,247.044583986
271.526806938211,266.307477095
235.44578836891898,276.229886736
161.416065253652,173.332952992
241.097466662211,239.078126094
181.37347597452202,184.855058475
230.816405500534,238.670489534
159.803092874382,170.459049216
172.38376262273601,177.842985027
198.327456169318,202.469299823
187.784075315209,207.658117887
231.84880574395,250.532815417
235.179720396983,238.659047974
144.726641603236,155.041129823
228.195182529794,227.549068532
182.729898707129,194.60073087
191.62112462377,193.016137155
200.083945822898,204.603746103
204.25590766875598,224.108445942
196.057596428948,186.002545987
278.43755526480203,263.339299156
171.20062173544702,171.825735711
211.024057544781,225.243464384
214.262685298769,227.910333958
205.713939662574,222.632117744
232.39465001588403,241.111745011
106.597052386964,128.22732978
244.61633343374402,236.203210779
224.53213228959203,222.883156676
290.49630796413203,280.051949189
279.540757152867,256.576624151
193.350275583316,191.943547181
206.833693667989,216.525152106
197.66040963240602,194.927239403
216.131084106559,214.751068996
237.323542161935,239.973226972
206.206374667127,218.121477793
227.210535724491,220.04988629
170.34169668078502,173.131863114
227.21331571080398,211.610557143
233.76630054209,225.179123877
181.14622845295898,196.398129741
179.73868991191898,180.439214234
164.85561201138398,176.898747673
241.657878023136,219.62932937
198.632724136108,196.229014623
202.24755168433498,214.565399499
255.25024481525298,249.930112053
180.19089000061902,181.110330444
192.32747378482497,191.522107995
248.180670727952,239.769401117
254.89021245665,247.412293936
192.665546332238,192.134772409
175.537563195337,188.356653499
217.829526288947,229.67545985
248.456229068172,246.648680173
217.472460446725,220.625636008
203.72996792304298,217.702867101
281.992456553861,245.125198733
252.456575026347,242.096325721
183.297593228049,198.202010808
254.216810707977,250.399113435
234.258901610118,224.657734615
197.025365601211,215.847361759
182.36945314179002,206.527865784
224.000139562395,231.972959939
201.69351944139703,199.52897442
214.814839501325,209.286543514
180.59486869967498,179.867412477
170.464000908414,180.722957908
212.259438795806,223.336428902
254.17295326305,236.530858794
197.610858108555,206.987234869
180.710258739821,181.041356442
176.454757222692,175.40777506
197.66725375106896,199.458583479
194.820616509444,202.059474986
235.655812107468,220.702797766
247.23700435239,243.398160089
195.120171736216,204.190318062
233.557068790056,234.525557834
225.186252116438,216.378073717
236.56245793609298,229.781835999
244.80612489054698,252.746245532
171.123083191237,187.108122963
195.751085014339,203.385143505
238.678671576997,232.005113348
263.195094831603,247.399946101
217.62390134641998,224.778195122
189.174432417828,207.461662203
187.488886102122,185.452899916
193.33407765679402,191.324421214
181.027643432612,191.094732662
174.799650763998,176.458061774
209.815732128555,210.529032845
193.97899458154305,193.328212865
239.907911456292,235.936246821
211.152487155479,209.146653324
258.845785108869,248.243627153
238.179333196362,229.303406006
189.434154402316,194.586397307
160.173867048255,168.093705188
223.650467261662,230.547171655
227.432360291611,222.673990706
179.27799230148898,187.073232794
237.47611596439202,225.869720022
209.487119689716,208.508342248
233.997199146133,223.018216471
228.946413783489,239.714096458
237.137440217136,233.377384022
176.457864263983,190.659618085
212.89323889400399,210.072791985
227.008875007953,228.402604773
232.02450001821305,220.372664509
197.518947697015,193.683496407
255.776434314136,247.413065488
206.60390683215698,215.689789822
215.16830116381502,221.085879192
206.336479226749,211.074059975
196.722853823312,200.525750062
229.04671264049,235.868744426
186.383235470442,188.181172595
199.43906477486598,206.098415694
158.59295905400802,166.703976856
234.541910036335,245.422865463
172.400649401742,192.774157692
222.616481656257,221.416997502
219.08299979146,212.504369755
205.70079197180002,216.440301675
234.729533458637,242.875619215
227.595610728035,236.029437918
218.29067745037102,217.986215579
191.787898887494,200.195969444
184.59518403485802,186.567375428
195.27670580231398,190.879368927
238.498309625178,238.573567227
183.65637545237098,184.001568992
162.68667791041798,164.529350554
234.773943168284,226.154889931
190.260631292929,208.561352311
199.17050629620098,199.739991331
133.538185182178,147.732730833
196.79157741566502,196.716591775
178.972738104333,186.305073837
180.86449296270598,200.186099867
236.440668808926,231.20057693
253.763240944567,243.189821156
238.957478220943,231.307879587
194.570964495126,195.36871106
231.50666302589002,225.67913273
185.97957047219398,186.697663301
258.838273927234,233.977617857
196.15390137774799,194.260085837
216.43227361023,203.188585693
262.312221412062,256.741976657
204.22908916793,208.38791475
249.92418649715802,239.691753249
200.918965359217,205.387448601
221.336848042346,204.095036026
217.19571637583098,209.374022826
192.421764775495,193.961836813
283.900491211442,255.853611785
198.672426472022,201.597350966
225.003568711646,221.935229107
184.481592021843,190.49089159
250.491079545275,243.252312015
193.92090589145,210.660075856
238.413284764357,240.004232589
155.146422048873,166.09001345
192.450277477935,195.682239304
182.063703468601,190.217070855
204.367205552539,200.022826028
197.16665487350897,193.366707238
201.09954478291698,197.588504507
262.824231423891,251.904750855
239.74421724153999,234.662013768
196.307000066214,203.635347649
253.966272971068,258.565448309
188.608671841125,186.818069442
216.724886721556,225.240314861
198.422027064954,208.527285963
247.775337967677,237.537188289
249.436398431096,246.502393089
170.04826544203004,174.837986088
179.441077253228,175.71930557
245.36631111288398,230.16371267
185.25584501650002,198.396040137
265.515934105038,254.54411269
149.731138877472,155.269846019
204.965844955199,221.009634789
304.66192484906014,275.192260349
226.325554245062,210.347721801
226.72451035731004,228.538760388
206.350078859799,215.120937008
210.304953049106,202.824520794
195.804154564694,215.764865799
217.48199568579201,217.216425966
206.606546390657,203.212700189
197.007646688889,210.197275606
186.48446757445598,174.287035351
169.019343587651,171.592416805
170.337603862409,175.130591791
182.93578799770802,187.541991957
155.645250503497,160.279505983
193.377652778353,190.448715619
239.18998901346802,233.944751031
234.122616560233,228.172135753
209.55888030570802,210.300504604
196.96551283878296,205.300830367
195.146796748602,211.486088065
191.024292984766,198.402013012
237.824668580721,229.391250272
200.515289935072,213.834706763
220.09852397257802,209.774728982
235.617203443836,243.517638077
200.83791249845902,193.246643664
205.402135484265,203.472352068
213.16247596314602,216.262624306
180.02101062793,189.261105527
235.377406193142,226.683669286
178.68049253297798,190.586319106
209.772853650494,204.240059003
209.36974005103698,220.428598748
206.90387993293098,208.049945336
213.095039633573,227.867779681
124.53284207495899,136.735454191
195.26810405287893,192.352593434
242.81106420007302,243.686318219
181.768769923662,184.853469264
232.55960945439998,234.157834826
234.675241175313,228.515529601
187.162750884629,191.11620299
167.782472679825,173.204415993
186.889674426362,195.352447909
180.615175722472,188.480037553
182.876428528642,192.138871922
246.373944521936,236.416766648
207.34868574456902,208.141848161
229.720955244626,224.881365101
198.54478946844296,205.915275717
224.713538859263,222.275105476
250.65086110161,241.668233226
235.572051120668,229.530097712
190.25906941607101,197.02665513
199.314313202079,228.062625833
187.147963479624,177.98596275
244.556217982434,235.1103423
214.968342994769,225.69162049
277.963283050237,263.426595219
178.628354220088,199.392645327
208.091518603227,214.51985159
215.76417960924198,214.680129473
203.355993573418,204.155657416
177.543311844727,180.077558241
223.876633661796,228.693452528
252.579764275268,252.0769257
263.569153454042,265.542348414
183.599585760203,183.456778413
185.077437348682,188.10166786
187.20058296048,190.460733628
211.722382919005,220.833797935
174.020098506138,195.501899306
219.024525751748,223.171957916
197.38111353345505,203.759608388
220.06990852072602,222.674424941
193.478591890275,197.285067379
196.126094550466,203.349290489
188.08424021678502,196.428204507
206.987417741543,212.078656894
221.23617250613304,223.111454902
197.61227570218898,197.91037098
186.402169107005,185.108397789
207.581692813503,202.306333773
204.873533216318,212.92621767
218.561974376361,210.858718213
226.245098578721,224.591576317
211.90738847513,208.047417375
188.166277808597,186.113489767
213.419944192045,215.923548835
208.696549985713,212.133933507
232.85395871550202,217.342829769
222.868071231973,217.922861184
266.097871530381,247.068257145
266.70472463284403,253.661214145
214.44180862003898,212.580522372
234.701049750677,222.918043606
259.897386484538,259.675650643
243.211595649501,248.689123432
248.64355293084702,245.562202313
245.71979244106097,246.156255641
222.534394599892,237.177653181
245.909575983807,247.753848688
243.34375006342998,234.110325854
171.456038168824,177.093530296
198.57351847599202,192.89614466
201.70830439002896,202.932782952
224.630530347118,227.305475948
188.82888334634202,190.478971287
191.51698348231997,193.836639235
218.532143044204,219.90418542
215.562857710738,219.512308493
190.458132780806,193.958937507
230.19023005564802,215.036145609
188.202754255325,192.193725857
191.160887851763,193.601773666
192.646746759352,202.211116739
200.02023693276797,206.34218275
169.771838891987,173.979578638
220.293870044425,220.552789766
206.14421600453701,206.720149577
179.63467537672,177.848503767
190.360676213011,207.411677019
229.06984615845693,236.096909791
201.611896095084,200.895691585
174.06732717404998,174.559442032
228.85693533774798,216.55012791
188.994960154603,191.143720413
195.473245450228,185.735459663
197.44670543235,197.763655691
200.292428372658,205.36099831
208.429608190085,219.008498633
189.412098263704,199.211178562
223.008077667938,225.991201569
226.940534691329,233.227806928
243.446900631399,249.181168444
243.291683633745,240.464578404
188.781367483457,192.508818
196.60546385117001,208.822074788
240.249929646416,235.149552892
216.086539138112,216.455861608
198.934476794307,207.643870166
168.66264851087098,175.796753245
163.945957808715,173.214107918
214.960576338116,205.923922968
198.79009154006198,191.865517598
183.841428957709,185.147892422
185.363139064388,196.986763816
200.687379399159,196.181339134
193.710978955685,189.586626023
189.136862441409,184.382497686
190.57444639775002,193.701484401
212.370962404733,212.360596735
256.484662567198,231.85936387
210.091953511272,207.483427151
209.256837584435,233.680840455
216.025600510489,214.898912723
195.026901331313,204.036282364
213.83141375539398,208.061738927
174.860751601177,180.73426183
306.738535659698,307.126249522
147.87863812432198,170.544447026
152.78210645819402,166.428425714
184.68483660573003,188.541954896
165.49718959649,176.027143987
232.038060059953,231.455597054
228.11323855151002,223.048224472
247.459410469378,234.502598085
235.013893771717,221.58663601
182.477262324076,183.923780938
225.90617303938998,227.934416184
225.910399026679,224.174428111
255.719548574761,249.841139271
227.083051247463,232.619942747
223.844397079514,223.217492069
235.49247265255198,241.554144931
