216.65901973924198,209.166303978
266.67251999002104,261.226458175
171.719963054814,176.004232073
194.809483705347,188.24118665
165.897291826712,171.156170957
202.177036862057,211.536745492
189.08621066290502,192.225858832
230.981626630006,230.104256507
209.07813097775903,210.926736338
204.180801805784,202.261190464
160.21892052344,181.766671158
171.69614090297,166.31092289
194.759957562665,200.259547398
188.780370329195,203.840502428
196.942555687882,200.672780469
240.489264665183,228.055677788
116.054187700053,142.333273478
116.054187700053,142.333273478
268.998044120003,265.348479037
174.978178047871,178.823149846
189.49541961607798,198.569804671
173.756721958919,173.295919892
195.058113559452,195.056871659
196.552923992756,204.115978057
192.27922351973098,188.761842502
205.611340191535,215.627972547
202.742624799415,204.457701464
205.44523649588902,213.914904998
253.002705892985,243.162337926
196.133911648446,196.932605494
179.839899586692,188.901923499
182.94323029508598,189.411475149
210.495015186185,208.078015402
187.705481891292,191.878229436
215.322949168163,208.676633033
193.685829360973,191.135921104
211.90494214986,215.640640446
198.93281520172002,212.413479019
189.77572100823798,193.588690921
212.136325206161,208.324606165
162.361643707748,169.189531092
183.25227395743698,193.998149557
157.23569786715402,159.307106122
194.838440904813,189.253674788
232.404112662023,222.896933651
165.897291826712,171.156170957
122.38646031942,132.90768635
212.971973616874,218.124163366
170.271585138571,176.46867587
219.86746390577702,221.02610924
241.27832572206,237.569261334
203.701456998969,204.758731866
209.865005514935,210.331406687
151.112085033872,168.691087793
210.11829847561,216.806132377
189.397323293167,183.619965034
200.301090695531,197.497910242
245.271074745201,239.478849234
235.643376566353,228.264607505
229.05974349238,228.231532959
223.756498270147,216.713112582
234.469976209931,233.213511113
246.88199194644298,246.246128783
213.293806592477,227.46986794
198.487116629669,202.585083842
238.433515170956,228.622825809
218.38976177456797,211.763928922
182.45414756265302,177.127434613
206.63190365510502,203.641666513
170.245975884933,178.113591515
233.32276060119702,234.915318591
194.930522101679,191.225682922
262.061968372072,245.527724035
200.172773705112,189.782022741
274.273875406524,255.509736131
248.43013452012798,245.693773509
200.68636003860698,202.584789406
238.84937803168,233.769558373
263.03558261816,275.970870505
185.544832065786,204.944563795
216.66829708111598,214.853426696
192.954545200689,183.234927643
140.29440549287702,145.955486806
178.485024367414,173.883083747
189.53156171690398,199.934528071
207.98738236132198,203.4688996
260.262900110862,251.09470004
183.220651797256,187.997079414
183.392234240286,192.839269213
242.087243714294,227.891284731
239.426192190532,223.669606794
223.76967835974702,220.279413885
187.74470480891998,189.756145102
213.509691912122,207.09859386
200.085197365404,194.199771393
231.625738706065,231.812179064
237.09835529071486,228.680476065
267.082456583439,248.702365557
216.903572880691,215.593742273
222.929885964259,223.599618183
197.58296736104901,197.366021688
170.879042568084,164.879028407
219.644836258136,221.03415762
237.33192488974498,233.27460551
183.938842877727,181.277741167
162.752342424156,177.546302184
202.895844682989,194.845839067
228.326399753525,213.817456815
187.114898783195,189.708687357
203.559571471661,212.198684287
274.650876701502,263.228176218
218.068470314255,221.882434033
205.727223979977,203.395455807
265.47586110644,252.048282392
222.77781718851003,220.667556833
199.50057223948997,209.002817263
204.224302828423,196.064812487
188.90901577792098,184.786938579
182.252710291379,181.64185756
186.27558076186298,192.128277319
165.77114418243,187.534935667
203.55300342955897,210.468002907
189.413468476451,196.316989299
184.00581334329,196.1918871
169.45366042132602,172.744019424
230.525568543091,228.127620225
224.043357223441,234.455311081
225.56768138879798,229.875563503
246.73701939264,237.480650926
280.244987728308,269.448193424
207.957076569364,215.260464589
211.562912277076,206.022542851
120.274297178862,124.165211369
168.726112499702,168.659781474
197.855123818895,199.28688843
230.353973996413,224.837812249
211.193283874612,210.435845864
127.45642776007799,138.268663538
210.403442882984,215.018753806
227.49344410823397,223.959313326
215.088023150896,214.524366796
179.911162764225,181.203938239
157.740810960838,164.95156964
280.997835089411,271.86138402
226.28001217948287,220.937879702
166.216566075906,170.625303152
203.899565675286,202.516596427
201.23154035831797,200.723870293
162.462160732006,164.154352157
214.014535077559,209.786914679
203.244073144912,212.604032003
179.47121641433998,184.568559329
165.897291826712,171.156170957
199.256529789972,197.236170293
213.965727894789,205.539175133
201.73063069313,200.898420294
199.40470629356702,192.78753298
237.73244512189098,238.628606918
226.95996050658297,223.856529296
265.43295563195,252.236885917
236.364041270836,235.604159493
223.179760505504,219.936842891
200.824067690901,204.041072041
235.490499914184,237.724226994
329.065222030818,283.359191407
257.59161021503996,244.583998281
154.101388343161,159.174725134
208.189402447942,204.415378769
190.955370067054,199.237103873
200.65526134535,207.293618793
195.25200815043598,201.443638461
175.57837772028302,195.91853275
175.961942088987,171.91608783
221.079277724458,219.323510269
187.354202494122,196.54008788
165.897291826712,171.156170957
176.27088260778598,188.586476537
188.309148866105,187.464741788
184.707254223805,185.098077206
190.686298732349,198.760558445
248.688474190584,247.658965087
214.695799751778,203.841483068
189.683759957143,205.733729967
176.61971131795798,179.415565202
181.674212111625,183.136765126
205.790405454751,214.709011912
209.07006825538002,208.803467914
231.094040426127,237.903552888
188.818133008409,193.52469858
201.131423814968,200.313580491
264.269542790951,248.436300852
157.91291785539,165.356888264
199.848057404413,206.79260666
211.497623157387,203.165407526
248.070216906799,230.596908093
194.23294912317903,203.066945029
253.477964990951,241.135996629
202.366576260369,200.19386141
238.318775684246,227.908890036
230.21985751997602,229.530193185
177.090440623149,183.803561084
227.92928715077002,231.485080239
250.876081450205,236.021455985
297.977515570934,269.864430156
254.639543973498,249.266889038
165.35789494396099,179.18152117
204.25842860680697,204.919496837
208.393321962665,203.549257849
200.879880705014,211.471963187
145.669961853045,152.506022714
196.94762572764,200.179591291
207.68810244694902,218.001655351
197.914321643692,207.182610708
194.62298641500303,205.328975622
226.46520061380002,235.400803768
190.211516472267,189.378637597
235.23578601315398,227.703407414
173.446301656977,178.059065106
198.83461277583,195.134723551
214.84430637207902,224.404671646
162.326086658607,171.164472803
167.569525906025,160.54524063
225.29749434830399,224.406992627
209.865542572652,204.81605924
226.583812630048,227.864464708
198.986709387918,196.401857077
223.170527297401,226.327107251
264.676618565517,249.291746052
210.80987957059293,213.927985783
160.12758630605302,166.565153196
195.00299424364601,194.878098045
261.809221088065,241.59177623
234.38053220884498,226.550464715
164.57845340568198,165.880071682
228.762189420602,219.181839485
269.55932800313803,253.795177419
213.173167364865,204.647671925
194.970396174088,199.359445611
146.91200762434602,152.162055763
196.48596447770302,204.614389708
173.84922902764802,189.378089937
185.199876886288,191.13948808
224.74346287980498,226.117740235
176.038128559238,176.81944558
159.376967259037,175.613852234
190.61166692627103,188.438606706
150.224678219491,156.883769671
276.122037278597,258.159974193
182.31968151332904,187.552004932
205.930397188624,200.586690236
206.733052415553,222.075729636
182.246237079092,192.820012603
192.84016747397598,207.193369354
182.035687098122,192.161848909
165.992919027895,173.228765603
228.56161477201698,231.752090034
221.704820726171,207.552400731
204.98841914871497,213.594482566
244.35468048466203,239.666231974
240.585810276199,232.860267737
211.81987382974202,200.052617331
194.913368646214,192.595908075
202.091113602485,204.031197668
216.29917464612598,217.714588999
202.419132539782,206.980279032
235.961284895385,225.464429936
175.900047836464,178.301182025
182.716072993677,191.003936117
178.709638158564,192.863296559
238.99821251783797,231.7864079
173.585502963186,174.357053716
174.42423080856997,176.316446518
263.31496281353805,253.84194823
239.39686245006698,234.888701765
192.070286644914,195.8225453
191.556294341471,196.41793283
206.41652313255298,209.903116324
173.390975731568,176.086089416
215.224177140998,221.867235017
242.907684014544,232.196336115
220.981926158903,222.688815397
181.851127676669,186.272786416
218.254791457375,211.820721185
215.28756794843602,208.303825325
180.98075349061799,187.098243875
229.68340324112899,229.230627768
204.39377869579,205.752815854
236.346720077126,230.45941809
239.43015969489,233.984566064
205.484331192859,203.742168359
205.820479829147,205.381999472
223.158795842799,221.587698394
214.83605449489897,215.705745562
226.774673865085,223.059759235
198.381740653706,210.209794192
140.632744317858,148.281975577
202.169337926335,203.593299071
186.74801952336202,188.286120439
255.58350028723598,243.503726207
212.376723894427,218.741503258
214.092961308135,218.972066169
277.77710257820803,265.5860331
190.10057508811298,192.646145052
200.222874516597,196.11818113
300.607608580646,278.815508127
223.058041399282,226.635524135
174.793628648061,186.356393303
183.16159395702599,185.397696442
142.586070857726,151.910843994
195.939303706902,191.030326146
218.17375927942902,210.73700672
217.546158410014,206.086626299
247.46810559328802,233.75478742
203.955460810312,198.034327483
214.638524753586,209.80354562
174.435249051129,174.799183609
241.126443612937,233.869337683
133.337169507152,148.856593685
164.489484060851,169.056208159
227.40241432878102,220.971446091
243.94703451084598,233.100682202
214.36524819440498,214.336982483
223.97991412489898,222.482632239
164.816268312392,180.904553183
230.561333765234,214.360681748
251.56310988398,240.825827872
252.916610445451,233.80709318
156.134496066627,156.624914282
179.488012437367,193.594393915
162.189733072471,180.106797108
205.23886871292703,208.647044814
251.00773227954102,236.823325873
197.804581579198,196.19573756
202.02852769577302,210.937311617
227.50331448967498,222.645150004
234.954854968474,228.513329654
204.538647182437,210.895324728
201.93393949007302,205.843471782
227.36149018647203,218.377001883
151.093732564665,150.111846273
225.227163584891,216.063139859
169.360990123835,169.789810735
257.760088351606,242.77626117
193.605624639076,201.838813217
221.83878583892601,211.878512235
235.528918054517,234.078012235
212.650140298238,213.991570688
218.06521353930802,214.659060805
228.21405238857602,225.009128011
239.772989410498,223.33920862
250.371962111372,233.694992386
212.23369953641497,220.48833547
281.987406348745,272.921401891
177.290715355788,187.293911285
266.376166579666,253.847714039
191.22819294113998,192.752700907
165.340969547828,172.33051941
227.805207361569,221.891058894
217.741586723779,206.708013499
162.17207638686,165.700144675
221.560056365316,229.070704084
174.627891786209,180.236247846
136.47425182719,142.526407042
211.640032343989,221.10344339
254.48163625297298,240.337618919
175.37051023913102,181.007937592
240.161060857623,231.371365182
275.432425707598,265.07806786
212.08945439616699,209.389302801
193.313614209562,198.840407628
200.763541720189,198.834336955
248.383949882283,238.27991038
191.079254019123,208.254576743
216.06818719601296,202.919060689
189.72241550581901,186.064751186
203.472567387337,201.215782744
182.440679508072,178.266600712
195.764972448605,194.952065953
182.458413923503,181.055798833
199.69412343340198,209.784342407
179.40736896076697,179.337863426
183.592153934769,184.974908479
239.869805825256,239.50319214
226.87912895984903,219.31571442
221.309913962566,213.551298008
162.091653942228,177.903008569
216.104863922781,215.494136431
256.52860875491797,246.476901436
217.21833278592098,220.189980989
206.060999142296,203.968834504
227.85908595196202,230.2342137
198.530264668392,213.994403604
219.98241822318099,215.68965266
180.77709874159902,174.154166361
225.73407797187198,230.570532439
224.77312150506802,222.588262162
165.897291826712,171.156170957
202.83962183160702,199.275753577
167.564752908486,178.692364745
227.685770246003,230.675595486
178.805086641316,185.209395332
235.575185894661,220.343363305
165.621852160423,174.271290437
173.849340663605,176.137113611
221.102467176943,229.381289206
267.42166460543,260.498560624
205.841792178726,241.916233251
156.36817408571002,161.922693739
246.930700930861,234.384102161
173.229241482612,176.791337666
224.449968638266,228.048430685
156.003330446099,158.836166465
165.636257626171,168.895743111
194.166058494005,193.507075008
174.09717185518699,189.338658705
218.13648064998299,230.475728514
223.21906730242299,227.557037482
136.548985146651,143.332484854
222.65313851599205,219.895966645
169.017362716258,180.319031631
184.11637815590302,185.596483554
192.29580323506,194.707368229
183.57026642485198,201.596871361
194.006212130552,184.53843795
284.139794790273,264.493400103
161.702354039872,164.593162216
197.908209013977,208.668061647
195.290025427956,211.131813256
184.784166651761,203.412191651
214.587070004792,226.799838048
94.2887634490129,110.20698793
251.031548589292,236.09695274
213.016639197763,214.707632818
291.870338222928,278.23377582
284.133536313606,262.456408785
186.080803030037,185.760971866
201.73738553250598,203.902940923
198.343078984823,191.151054639
212.44421839877498,209.132740108
229.637670899118,230.829998586
190.916516840253,202.29982604
223.84837052971199,216.390949786
159.50546455813802,164.848337069
227.357972365555,213.548570704
233.321298093221,222.585877118
164.84697669568,178.973639545
171.627219329801,173.366969233
157.673474527452,164.720672705
232.14359394439,221.223771549
195.250808351977,190.911833588
194.639002593135,200.313779079
253.551615273656,245.060471246
177.733968995915,175.697629949
186.582363637347,185.447931912
246.343114303558,236.585008617
252.60018367022099,244.281595641
189.413154789353,186.315863483
168.837202325801,175.238905513
210.569009687566,214.381674792
248.434361776982,240.547301797
217.729094979818,212.895912479
187.274718951807,200.946311534
299.612999031965,261.023458569
247.513881384022,239.943230016
182.941429113061,183.743151878
249.627382408341,244.524658543
231.531157820648,222.715250098
188.25930331566897,197.640355926
162.81338908811702,183.839870405
214.497270480162,219.524933638
195.756191281014,194.062456711
208.666496219039,204.864325
173.651704174652,173.6588431
162.933650039258,169.247230477
202.979636159104,208.646825812
256.029469936557,238.540636079
194.763561442468,195.862648974
173.340894779911,174.550423117
175.200866730724,170.808103154
197.001842798806,193.773210268
188.243536529026,189.802606415
239.07611951002002,223.255173993
241.59109228700905,237.276978064
183.764794500126,191.243770549
221.263543703416,224.953102686
223.36492771358502,213.829096397
222.66659531942403,222.136160773
232.147589932508,239.207416492
153.653267463062,168.582332225
189.94264773248298,193.008606165
238.794891901043,229.258175228
271.266100443801,251.058303128
205.571701667254,211.89345818
175.659033786632,188.636128211
183.777005161209,180.488851882
190.77446386005403,186.353825114
168.844977983035,178.507286802
164.071884801078,168.683529274
203.280428220649,202.825385758
192.962945751412,187.780785626
230.535202089865,229.09347154
206.522475227879,203.30044717
255.008021135992,246.507902197
234.077912708879,226.977556474
183.612250769926,185.888079208
153.985313698432,157.675364507
219.709791585975,220.836548348
226.232422721216,219.305477939
169.522134657621,176.339680651
241.26934103944697,227.684116686
205.74920159559105,202.6450677
228.28151434171505,221.177631522
217.63275529547298,224.0228815
231.871446575444,228.361211078
161.555554565704,175.193947997
210.455817127992,205.177449698
223.804505432752,218.993799874
233.631215466409,219.513711179
194.399131378291,190.044720595
251.60670427101502,244.091193622
197.93857203875197,204.466377991
203.47688885401902,209.410238471
200.329819666797,201.698849433
190.094572891386,191.799131368
220.57461896205,223.058681016
180.728796961743,180.305065431
188.56867504711602,194.534586182
153.612560467385,155.814362113
220.53386891248402,229.686509048
153.127089834796,172.20311837
214.374114333376,214.602224924
228.908586136814,211.37844918
192.51745547511,201.56171736
219.997994081722,229.114809453
213.14389350452493,222.454901373
212.448485488419,210.941309376
186.582409179542,188.175682705
179.616768111466,180.012038974
192.04997886952998,186.14349991
233.306796596753,230.46654691
176.48192862622295,176.841085462
158.78799394824,158.477702003
231.808823419625,223.480483758
175.80381497353198,189.928510029
191.942427445708,192.063205781
121.33935576018699,133.687755642
189.200554298634,189.738819884
167.483724627472,174.908191652
169.811579026957,181.352728567
232.833301883607,226.619759677
250.627898827177,241.63796833
223.279075561127,224.431958532
189.421159791939,188.732936603
227.05622639605,221.144370005
179.041983060832,180.491451898
263.48971171613897,240.460112883
193.039009833786,187.459577497
217.572365854987,205.057891103
262.879419783712,252.366926319
188.392137096441,197.012004213
252.004194210527,239.450950461
191.54116979234,196.738575863
222.543704148213,206.706446031
215.242957244398,207.180454085
185.938600818497,186.844250675
294.584399900145,265.287316963
189.62464687904202,191.921805552
222.249667294331,217.259561423
181.761432896862,181.868591652
248.428457545924,239.769901946
187.556071251049,194.699737128
231.17636573795104,230.620029803
142.247141266808,152.711276003
187.705596382342,187.331670783
167.31749078577698,176.910151509
193.77891060440498,193.657258361
195.54407539953,190.656736177
187.451306787649,191.544135266
265.569969641398,252.215397681
235.031972747666,229.217553493
186.073130882457,191.631983932
244.38989799487203,246.876445626
183.08771960938,181.472897441
201.97239055895,210.955985941
190.60765450286098,195.834187226
246.180855978908,236.623679847
243.933337872604,239.621843818
158.741129533688,165.111275353
174.933445435667,170.075256369
251.667550293993,232.541774084
178.53008147143,183.907651516
260.047392859706,250.275581975
144.178894000011,145.885496203
191.128081254051,202.403711964
319.820979964576,285.52311688
230.613842821352,213.721090093
219.051276500629,219.149692318
194.926469015318,202.222798069
207.44809165759102,201.591314487
183.45112650263698,196.086622522
212.470940708855,210.140282825
203.441305579053,198.231500238
182.889086193541,194.586206914
188.636555822114,175.979656593
161.4626962244,163.776512831
166.861895025495,166.450232635
175.69178486575902,178.605322858
153.225697964484,152.322428124
188.516940022241,184.827660395
233.982091221819,228.334832698
230.210950151925,223.210214683
205.040694102043,202.296940956
187.456150870409,192.842829665
181.94755495297,193.976567393
182.403657191117,187.925633268
232.789912452227,226.236105516
185.19606146351398,196.883771568
220.314136313596,209.73430235
223.361842181199,230.640254623
180.75862794001702,186.762948426
200.179538498954,197.98687012
209.67770018656398,208.388463915
173.5574013495,177.606574107
231.973899335547,224.454439558
171.175213789146,177.863481408
204.754785318239,199.274336217
193.09040109551103,204.603065296
202.38890808226898,200.967954637
200.14073644799,211.5896338
110.262367572188,123.233170447
199.566547854828,189.721108886
238.240924489035,236.921821822
173.17480613973305,177.108088553
231.577421152663,227.045983034
231.34346526954,224.305950167
180.04001280657798,182.899631586
165.19321439994698,164.215693516
177.739933216244,183.43201658
174.94965573016603,178.451786159
171.781840540721,180.107700191
245.70304150359402,234.715358777
206.42431503307486,202.091191874
227.180923336591,220.127134095
184.944140240911,193.453645495
219.671945871963,216.735133847
244.44248958176,238.541399364
231.64502801457803,224.646507608
182.12831055810798,186.480549033
170.148700190136,200.02924571
187.012505112888,177.8557203
243.570175300326,234.439428625
206.09967625615897,211.310735612
275.913292234006,262.404981088
161.829319753642,179.300084012
195.29263015613097,202.791919251
212.237685807114,209.643546768
198.65161739975701,197.092576134
171.262451147524,172.136065752
208.41478902744305,217.979417417
246.226017338419,243.619686792
258.432684616552,255.52350701
181.221201993755,178.174268249
178.984224367738,180.062079045
179.481364501507,181.352126572
199.26637588292098,207.498287791
156.527810679689,174.274046346
215.10036134899897,214.037221679
192.507379001242,191.528262726
212.93039814232102,213.534819232
183.418234587599,186.946439749
188.376767644058,191.364257643
175.315671273468,183.350308631
199.41922649038503,201.5856763
214.235215432745,214.790109082
192.807859169604,191.244367747
180.328895268088,179.473117294
202.526633651727,198.666023105
192.798816360433,199.271961971
217.360029348677,208.28253048
229.291573604418,219.723498785
203.697044762029,201.93927158
185.18891060733003,182.032322905
201.892106465014,207.137433185
202.954457384218,202.783612441
238.039153525369,220.112386519
217.627456527416,212.718959629
269.132667869254,250.100407388
264.582862197817,253.11703175
212.275840517528,207.060518942
234.023923052104,221.826840731
255.972711534118,252.107604601
227.268364902902,235.35754941
248.997628848792,241.133752001
244.25563348480802,238.441465941
214.512567505485,222.558686701
241.549429170205,238.822251918
249.325993415542,233.827389383
167.92346930818198,168.643955178
188.19399335472698,187.828990663
194.052180970965,194.630369072
217.590081104049,217.843132786
179.079395264393,182.061363563
188.684640570494,186.32954434
211.74590897959598,211.255895711
206.43900755728,209.959480796
184.444059603153,185.544365303
223.829666491084,215.2746357
175.495333919956,181.859748998
187.007310330598,185.240807438
182.40052132073998,189.896825926
195.429440685867,196.83340629
166.092585582244,165.810592519
216.89982854963,214.226300527
200.928943770472,200.549274863
178.87214500504902,172.830341773
175.903398355559,188.883862674
223.940713201875,225.778206197
196.47729071847098,194.586437106
169.09845882303998,168.605138996
230.329000869686,217.764503739
182.35380486441397,183.793732228
195.70047681006199,185.452217883
190.62068425676102,191.192640852
191.83264279697102,194.931626515
197.21001045500702,204.51856656
180.33458232986197,186.726552495
213.32850554173902,216.824891519
219.89585274770303,222.131161659
230.534852672333,235.269159446
239.552985368458,234.327055267
178.639526717192,182.718041368
184.40092456954702,193.331821356
237.731350099537,231.904793341
212.773009986055,209.882283605
169.38121617426202,191.403335429
161.538666393915,165.480503507
157.567176603489,162.227497523
212.51728341937198,204.154196922
199.684182434329,190.141532148
179.028744667159,178.670694578
169.534674379964,181.834971347
199.541770220518,191.718231736
197.657715245946,185.347971119
183.534262986731,178.974530197
180.740055157629,184.254588405
209.899729233792,206.370400904
263.422816710547,239.697512183
202.905161856455,202.561757824
183.36856577644298,209.1980676
205.24762255079798,207.59165147
194.600670197649,194.108043799
211.287081979367,204.672301346
167.644899837974,171.079051862
300.251084954843,298.362478299
136.755622675303,151.063179465
142.12042589733102,151.91294605
178.089272210184,180.080610868
156.816182811334,164.30687554
229.672314642306,224.780695146
224.95124587450297,218.232870002
245.277994589652,234.447423291
238.572001222506,222.566850233
176.056760735785,177.282252032
219.475525564905,218.613807012
223.853459568482,218.589323341
257.070424237642,246.494275372
210.634785665802,220.674710216
220.097175770697,216.937409011
220.416211881766,228.908393222
