221.102467176943,229.381289206
182.767792313166,188.449701184
248.288678818334,239.212996461
186.349862762527,188.735600248
195.47206683369302,205.25742752
190.704310495441,188.351878966
243.909679031722,241.678963442
204.01711592603803,204.254762871
156.551715709162,157.452837605
236.848461497966,223.479850883
178.211217888433,172.67893661
178.53350698494,190.868980183
162.64658479352,165.821454155
219.466156729063,220.658009381
227.46586964988398,219.233030337
255.31221314725602,236.324331101
204.959901068106,210.820060532
246.359567847057,235.312337973
242.16267219011002,238.814495873
179.256597346824,181.037788866
204.02291860354302,198.760342255
278.0118115268,255.79794775
204.14557008714002,210.006231499
194.984922178377,200.178518988
237.683580524594,228.148501091
142.16064002263,155.704928199
265.11435182532,252.851164224
194.213505996407,197.792688327
186.944845871898,186.258097931
202.17470748694802,201.344735622
232.24965881505298,229.124854387
181.323146380285,191.663206327
308.993620481751,274.519210378
283.32753876168204,259.568463921
255.080687999661,243.123000443
195.13505820951698,196.0979638
192.32532388332902,195.303132366
195.649613803313,199.223353278
230.92854809595104,232.057304102
216.18926177241198,217.784416095
208.66615176678002,212.043844229
193.922480756052,199.092023619
213.192150349419,217.86566534
188.46928562322896,190.234822754
182.92233671964698,188.886230563
242.272734692906,235.152732785
216.209117091314,205.418689708
230.16380288695086,231.731303457
247.23689809534,230.270050645
221.237375597236,230.078508029
224.163930445738,225.495487002
207.89627387592498,215.151166701
118.422658392836,127.136414748
157.417578615718,174.39103423
203.098821323205,198.01847349
226.50159100442403,230.757750825
166.695047467367,166.964128353
219.991590267818,210.950269078
252.721577182261,240.54337726
200.638340992364,192.135943516
203.28445490149602,214.209982837
206.91198464595797,202.492666528
185.807612597803,187.956515789
225.316822763821,219.833664988
204.24910042083,200.892046966
192.699663744785,204.130940531
176.522659339808,175.863040702
206.106394609209,217.231042776
209.31664071996101,204.506090334
266.29256666239104,253.153504732
213.827730802478,208.317144977
159.814626722478,170.857125302
210.92746324283002,211.780458393
282.70864152009,272.525790966
286.61616571995603,260.567979172
198.047245716034,191.866141212
226.184779642039,217.53754876
222.729203598971,220.796704454
205.737707459119,211.0284792
178.350594254298,171.652261999
185.143771616641,180.913321837
165.149550635012,178.707619617
200.70717312378,205.803685238
241.043460111695,233.873146134
169.074770057239,175.086717814
216.08286822897801,215.294362165
139.59730206456,164.923772388
230.789234712705,216.290980438
167.229152369222,180.378723843
324.02141297399,287.235456693
183.67121192711102,187.482443085
245.781578698581,233.753581434
167.684684031544,175.733195164
186.95702962569197,205.786085704
239.916740232874,229.1411561
212.210889650581,211.941924498
190.417759319381,202.948527813
200.856480086185,200.260522591
166.092585582244,165.810592519
226.55160503732202,225.779545104
206.430227856623,205.766949621
176.431838352307,173.38000875
203.42471981181,199.289369361
197.64107928789505,200.363837415
209.649662569922,214.146072773
308.315847842681,288.229269821
249.252811307359,246.60537984
248.646557725394,237.646172983
202.055410730928,197.218231402
209.909555707236,196.711950215
269.08657349698103,264.606665232
200.63434695299702,207.932888357
197.64378087507703,220.646610625
218.184800926755,220.4073773
181.24839221468898,184.97269155
158.117325813638,167.925329264
191.11464691461103,192.932535976
172.151013836352,169.553144004
184.193983888743,170.40263919
180.803341744157,181.327922357
207.630161078485,208.741358536
179.753495564718,191.231250402
196.010576923393,195.674466651
184.11870128977299,188.765440151
179.365663205636,176.83853987
253.427709876833,245.301794404
231.928492946282,237.535449066
211.418372216316,212.289517753
188.765806659791,199.776578256
267.121503836417,251.61847129
182.299755689629,189.11930588
181.123499207186,191.529042986
187.850155487942,188.487846196
210.155377687482,210.666507334
191.313381550453,189.694643498
192.425284130179,198.243596248
185.24007571202998,183.02650326
257.492885719483,232.942252668
215.80393667438202,216.570472658
154.386783301718,170.607399095
200.385475171004,204.143517668
176.800765603231,189.574020278
174.72901718971005,180.01359392
204.342530717089,202.643258407
216.367450331166,210.211870011
233.637831432517,230.272495791
209.846641412491,205.154918676
186.797776877099,191.043988532
128.292273824568,134.214390885
187.69643898193686,182.261621651
200.449679289189,200.133626588
184.619426034666,187.064116673
202.601674208176,198.477722909
234.540066419026,230.341130114
260.001849330531,255.65221338
184.760720503861,184.108650502
207.78066616209802,210.677314481
234.65596863382802,228.629788696
235.463840260597,238.096537716
184.786337808973,188.113343519
191.468581529173,183.681326682
224.67043662577598,223.288368305
199.423718074612,195.62749875
190.49953286306098,211.187756762
123.833488031061,140.570655484
210.874583259818,201.976218698
233.15339082441898,226.943633284
188.625084779061,191.173768742
210.884688907217,207.387488999
152.792449168978,166.8243389
177.918494586697,174.761115847
224.06921565681,230.071686159
214.48865576748298,218.844729816
192.006107781259,196.593812242
170.89686606913202,172.12050534
167.950619368285,165.661448298
184.317201668921,188.263986516
147.833082769105,154.134062224
255.174654153912,238.78577616
222.180706701933,222.702520399
191.814557792258,184.793327233
199.897858423888,195.168125857
190.642827308203,188.744649472
208.310693898186,206.07927984
184.632555880453,183.227053565
209.88714509495202,199.227883282
191.423378939807,201.09056184
179.24220912522995,182.506129081
254.582349410219,239.075738312
199.89557720608897,208.643525609
248.559300499789,232.103649824
204.883913054775,199.176999142
228.843050691114,232.220398563
211.042834963637,210.346686678
248.820027956654,239.63506301
241.510794947173,236.306390528
224.822145936412,218.096359358
200.208316248516,204.506883923
178.876198890285,204.891030165
188.92838756950803,191.507151215
222.95904454796798,217.191804085
206.012391908307,212.435147865
228.929935852221,226.629868633
169.898657783896,174.685841547
193.363439401895,194.496766194
224.57674196132598,222.189021442
169.150572598314,169.060515809
222.74056485052998,211.451751953
225.51322224253101,217.076282836
184.381357999887,178.52903905
203.098529050351,211.984579807
240.047336250929,235.234177112
194.454162525257,213.876657217
191.672093295434,200.428080909
184.70363426807305,203.826523832
188.98869324708,201.469018712
187.602575915658,204.454799977
187.46498320174302,200.499063969
260.323269240635,249.171498726
168.92667914265,172.525409981
177.128587674665,193.209634749
157.61183438080602,184.362139851
215.91920464840302,212.564894392
218.14367082221,215.257620966
184.31300869652,196.769293613
218.35919854763,217.251440955
207.371367673047,201.123344446
204.840372275201,210.884865962
280.49317899077596,253.113655389
170.993209939038,171.729907298
218.672216078009,210.766620906
179.136499415224,173.364407202
187.065319517192,185.247049342
276.251971830948,271.948286446
184.350589034384,198.185583453
209.984949397632,203.666216108
200.928197324363,202.852900808
179.83383486754698,183.86311729
236.513408499866,254.053328217
213.274857305811,218.015123622
205.840153539679,211.435416985
238.001186228296,245.134318885
179.56939037165,185.779883832
221.6862468788,220.154676556
231.045053547677,225.966126419
192.579824264496,189.697138678
247.951058011336,230.156462541
188.29438142096905,184.707134752
179.795574670731,187.004164941
203.787500386221,212.59632526
178.865364643368,184.344273656
165.114693392328,168.425262347
218.72331216440497,221.49306252
263.613266255143,273.04494487
197.318211313152,193.272919977
203.531551406918,203.272481386
211.22385290860402,215.29556446
219.08628546441503,210.022216509
201.036092181671,207.100867781
225.68830973188201,226.224553093
257.305571339755,235.912186003
214.787576077958,211.829283191
210.496629846624,210.035026547
241.490550664571,233.27903445
192.325760222334,198.006812439
190.83620334357,197.710275163
147.97673610542802,153.30699473
158.778100262108,165.967091594
149.20015109567498,149.523864616
202.90139773576598,208.053738112
217.69293055987703,217.099752562
192.11380058957693,200.241122773
197.676494621488,201.550814535
153.85842339498,168.307457979
229.07653242258,226.503099359
194.871148046886,196.76252922
205.29721284245602,208.82441779
200.879216567755,205.077137561
216.368065596786,243.781161984
211.336266409082,200.862074452
186.83144336349,184.99880378
174.764590667551,185.684221935
207.770836237734,211.544339331
219.237406268139,220.966377928
179.792092647461,177.407098778
196.51016726403702,197.2311347
194.341488838022,199.827270411
194.773061104058,191.47845849
178.45846780368996,176.318093475
249.64286403398998,238.671966823
226.134731816688,233.0034787
133.386332603662,139.761976048
246.51588470585602,226.45833632
323.29757778211797,277.320292065
175.22946359015899,177.859502994
219.35048559143002,218.146123751
236.39599512023102,227.546156309
207.42280043225497,198.342379715
162.782518443751,171.977524393
200.09800581102797,197.696667937
190.98149319987598,197.983819619
266.15600258372797,252.711066745
135.168143881063,142.829303051
205.626443707515,205.805057082
215.671441243266,212.125981393
225.245426984949,229.140227508
187.848058733741,201.471050072
207.6312230636,212.319461925
188.406729330182,185.589559439
193.129023402318,190.136382047
197.62974706014,194.686105951
264.950787788465,252.132915358
245.36686043953603,242.683421392
181.35046080519797,192.638213203
268.57798619608997,256.280569939
203.76772980405,209.622849953
235.16306610249904,233.135063022
197.626013770179,192.027888218
202.510268261,211.020777497
212.725677950895,220.738885423
210.182446732625,213.895903852
185.466023138524,182.390230881
196.808885170625,200.195724515
273.19409404852297,252.472355648
167.827049157675,184.498595191
226.11084690406503,216.702812177
212.773009986055,209.882283605
185.441273566342,186.636311874
236.54606238474,230.357964468
197.981817781529,206.193687446
239.71170996646,261.390559788
299.581275244202,287.167875943
200.815269775672,199.418384438
221.958808924724,223.716909726
253.10464200519505,240.530974511
251.921376460429,242.023772595
254.240105896704,242.038594292
169.623575406997,177.744939028
158.77618827440702,171.445449689
209.724236075895,205.9406367
203.28594694991799,204.974910239
202.267092910704,193.847901921
231.983748624133,226.926034821
81.8636622561792,96.5676527172
201.729607326544,210.10656077
232.76741860060002,222.534172164
166.27701709111798,181.149736271
205.154040346441,228.264280281
174.34724987533195,181.724794578
201.58354798591202,205.561410082
182.188588105398,181.783835454
189.63058538876496,187.132261912
279.51435639224997,264.681065949
230.13610788711003,229.681339213
226.58832989655102,223.741520724
204.55606748430802,203.48372162
204.09564478439,202.33741171
225.185383719289,217.027617648
208.367682108909,208.659268701
205.079700972655,205.461277644
195.24632067918202,199.081032697
195.65369595265702,187.625163134
219.053491794391,213.664271548
215.12226772487,215.262177742
174.945740957062,179.233713934
337.429059687358,294.157546346
160.493413696878,162.622996386
185.059942986402,180.352336343
240.948180328578,238.688326965
190.267926692801,182.768866602
214.93400824857704,208.823783035
210.702659030662,207.009857032
187.080790787967,190.043538018
155.854609520891,177.983462486
212.773009986055,209.882283605
196.17069505383,204.184020854
217.88815706944598,207.798039364
191.639978153984,185.109571516
210.47447271776002,222.476610447
248.776631584081,240.290644003
257.092893827159,245.375560102
203.69481308522202,201.791823121
198.924657273923,205.385812589
149.710669565321,166.542694685
260.79007252456404,254.61199013
212.910570663367,202.92523651
210.37021837204202,205.062891465
198.513697478656,200.578419323
218.870880206894,212.569478347
169.830187781187,182.663847986
202.242456994793,201.585900713
223.30058907651298,223.305846093
183.994043396965,181.956182227
175.090984064652,174.403678916
238.21490188009886,230.172842309
189.126765725983,187.914723825
226.69923211981603,223.598573421
201.161178205761,197.602987122
201.57946329653598,194.268404756
196.088126648205,187.166305072
219.808462425349,223.28178135
200.98674426375086,191.373451821
174.027299693135,171.742793081
219.794832533315,216.369902089
192.756676324935,201.809356329
211.28868659478402,201.84490461
222.141428910797,214.988528372
207.19254522327802,202.329492232
245.963164579694,241.477835827
240.06908968058997,243.813274026
164.171020071849,162.49014211
186.404085265204,181.231359667
163.878955014553,166.770265116
177.214718309945,173.99172052
167.219048249666,164.948816804
222.212438529641,213.123619143
171.865512133777,179.782542109
207.17645112644797,203.906214813
268.707027595372,236.408717395
233.762669489994,223.927959315
183.93377298012797,170.570156383
205.163686129136,207.204872251
272.680910735882,246.607248714
192.907449445872,195.819871173
194.59666752253997,204.274211433
149.435114277804,180.611533571
177.80010786438305,172.624771907
201.49953994959702,198.944468164
266.683874665563,258.365933256
194.233851964187,189.752665903
232.278993425254,227.229698827
214.235966780561,216.541182832
180.197259331677,188.177758881
210.815949554261,211.818461603
243.584491432585,234.279263239
127.726280344071,139.618886639
253.67610749367995,235.936169392
225.82293031467498,225.038306187
266.601658502092,264.111973626
217.23152775638698,205.760070524
230.651702393088,225.539927526
189.26798448128798,186.600411454
185.318574897943,193.787660349
197.85784703529598,207.336640381
205.03648599818501,208.280967475
148.773496575218,153.306200896
271.631743737021,264.52482121
184.017252194883,190.164976229
217.049127654464,219.216571679
229.012239506744,226.507385083
248.993414034394,248.463930171
253.12779036680402,239.712332774
237.54794629727402,225.260738324
223.33292293248505,232.578328009
238.51304580690498,234.717443827
182.276399775938,198.738993913
205.22249848223703,207.555779614
252.01454725055999,245.93036336
213.250194300259,222.678113545
239.994435599351,255.959853145
201.901999787121,205.916300637
189.567930730265,194.919649256
235.738450034209,234.293674719
231.606866750104,237.751502438
204.519053925689,215.701874513
206.270187743851,211.153755889
196.222460871475,193.652007706
229.04344075311198,229.134091329
191.970898554712,194.329973573
190.16580256305198,194.033219022
217.596832985042,215.559747584
158.165671527531,168.842088967
184.601478570948,195.166154967
166.182917737018,180.969505473
157.075526047853,179.555594944
188.868588626898,194.747853241
149.222881992702,156.652501307
164.247513956336,174.703495742
150.223802347587,169.730958331
113.578834024109,123.698346288
181.847886291124,184.674698616
191.026884036001,194.353026755
159.382038739768,162.423035408
214.055891929475,211.611584514
215.13273278817687,216.310348349
199.511842960616,202.202325335
158.652832324576,165.906719868
145.206015989624,159.43486858
148.411383165835,157.472504415
140.535641280824,148.925426703
202.81711110273886,203.631488771
159.995226605944,169.825972802
184.04640356658402,199.668235445
183.972536645849,184.993452882
185.892157230788,196.580441074
197.13353589262402,197.492496636
195.298815863115,203.016841701
222.70047442004798,222.095701288
193.05441897521087,206.64055413
215.594235235716,216.726507527
216.29748916628103,209.923552349
219.528891119645,218.999084254
246.76668211999802,244.584823425
213.065866657865,202.619969565
232.00213126497897,225.812953908
193.42714992216702,190.676163298
261.34288569074,241.298253576
243.809088372673,227.852104545
216.87456891004,215.778747641
192.92131132863,189.610258277
179.361153744127,190.555356674
199.49464596896087,199.162988588
254.76880565264702,241.547933233
223.361747572844,225.587430604
182.003714324101,189.758825383
220.761460979832,219.485934401
269.308598642761,275.03792237
216.05127291201,211.928182756
217.096289689903,215.810844452
207.029872963245,199.680441629
173.388458667003,191.181287884
186.998290795765,189.715132019
166.33735289285102,167.866845135
186.403857533458,183.089508509
211.137821201485,208.764379892
243.473075268219,236.234576448
189.86726557787,189.836043428
177.12088236636902,188.560618304
207.30669594241903,211.397537549
243.005237748939,226.333185071
153.660079598566,156.72901935
209.440418647637,206.104322542
173.665689126029,180.491894495
171.781840540721,180.107700191
134.03347492683,142.52279354
185.124150260877,178.860987149
186.68545067042,191.392544937
192.07005702178398,188.527228175
193.034263857668,200.469039608
228.17333382103402,228.090290521
173.3808976739,188.810905658
208.797949698226,211.318505612
186.34258926875802,188.707636895
200.629525337001,203.957239744
238.34970119660701,231.58221772
215.11808371593003,212.730532857
201.196611840862,204.921582447
176.315013059548,181.604066224
192.813197800062,184.233855137
189.548514211095,193.590963148
202.72488766810798,204.499175639
213.49605786763001,205.239211908
193.52998972990287,187.288098128
195.380529234097,194.046195154
271.077581774936,252.910974173
174.274399476403,171.661408871
171.583037532087,172.000394148
263.206383317639,237.350002053
198.540003200303,197.809608436
205.43224526601296,205.727900682
180.732553350218,176.177560565
228.952619235206,229.355573526
169.146680888228,176.100269245
243.611263329104,238.24941594
212.62322877697,204.076642095
207.16311635924802,210.513272369
140.99920454341,154.605152496
168.291516259675,165.59491912
203.680225094943,208.499932934
193.72241772922797,190.468589617
193.903366904346,220.050646831
239.87774556761502,232.712373786
157.861614478488,163.958831724
70.714893964278,87.3365940832
212.140067295308,209.439623444
229.64454187170503,230.531524854
287.995794730607,267.44043162
224.595933707985,209.191055831
205.484686170338,207.004329676
194.953628551044,210.737657168
172.897519145065,187.55646727
233.295244510201,225.356503269
222.519512389762,218.310531084
161.360042005135,168.711824194
190.405996852715,191.179287452
242.54658329697602,229.83626541
246.267939082014,246.566715785
242.579088813656,238.465041279
251.009954470824,246.877533965
248.863555525717,244.294835532
231.706014600365,225.954377744
191.929858590625,185.356684335
199.462218149109,203.924793475
246.798660649037,244.21332504
146.796180598111,151.814057844
229.097739534282,226.630753505
247.13666629557704,243.463982405
240.647808395513,237.47147566
209.850369926234,209.30220666
205.648626333812,211.474680764
213.26466608033002,219.217249403
163.44335208223302,170.124120137
227.58013636192902,233.078088861
246.21053602924,239.07128599
259.349945828147,249.26172367
132.817813072496,144.903571684
195.03433604205398,199.558474903
180.104251724324,180.103991933
232.605612491857,229.029784774
235.116227167767,235.387339969
220.48810392816898,211.835505015
190.68937573331903,193.941210476
243.76211144304298,231.504752118
191.14669005965197,198.285663389
209.364630233102,206.527784007
196.64348252922798,203.472748572
193.279309625289,192.646591728
236.317759538984,227.201763652
238.87355603537398,229.529055858
170.268207294239,187.276547125
173.76558710239,184.352541428
203.329796599534,206.4187845
263.047640048667,257.513743733
192.044816494486,184.739533519
177.40559681733,180.931077299
198.066622153322,186.496215773
169.397384531895,172.810848348
162.251416906737,168.106214192
176.99777712311402,179.754316472
195.35157973468102,190.236946582
188.43048767075402,182.88887169
242.49522559451302,238.336014599
238.65958122214298,232.018758724
241.733712070138,227.092431175
207.19377301155103,214.682711449
187.86404890954202,190.613920281
221.205018746713,222.533729949
214.494908768167,214.030357534
172.080550686964,183.068839062
209.00969630658,211.340255835
276.722156649902,268.698410048
186.888431748236,190.312278522
240.599940027508,226.691635321
224.81285742824505,226.621316497
190.028694766418,197.075063148
210.327890063413,205.24780574
212.314629616027,214.487440226
191.625908403969,183.743556562
215.820491275807,225.313048988
192.564028966088,208.327505186
208.94148571545503,204.636914254
262.966082155714,253.746653352
231.337837045521,235.015711185
235.949116927127,222.547658199
205.055989294684,213.554664249
181.851127676669,186.272786416
149.72176532203198,164.529110953
202.98869158951402,199.697129097
200.842854840939,196.666084275
240.575001513507,238.313492871
215.8772649742,217.522479499
220.76697149147597,217.397235002
158.415356697327,169.780198564
241.15396290649898,231.230100024
218.980224612585,222.625458557
240.560323187323,238.076744499
231.08718629755901,222.360949129
238.680858927912,232.744569331
227.041790234315,227.213843953
236.012386988788,233.002124299
207.833297978202,205.644715017
218.996310081774,215.436751766
176.88662284208596,180.878227986
189.07086833614898,188.103432108
203.230091679554,199.952179547
198.82279558708697,192.741009233
170.70087234587498,183.903145393
230.51075264471802,225.961449438
200.141283676809,209.345731239
292.513647434886,268.801101327
181.57852064076096,178.013978811
176.541966598693,176.87550736
190.47225665558,193.03739393
227.421747129896,221.071112813
204.378528243998,199.80420999
189.757481711722,193.100890139
224.389992313676,215.017566667
184.302587768633,189.148600798
236.36322000916698,228.134946802
261.748129295715,252.669654462
192.36703429498797,199.115724581
211.823221795737,204.490832847
182.299295234609,180.861896012
242.32754867354302,229.337602253
259.585100437175,252.628573898
208.683598275516,190.192640457
188.78422592883598,199.994134172
171.116398984956,181.239082279
160.478183211346,163.320895817
176.993363260799,176.198509088
235.325972608282,231.434786767
211.479054307454,215.289239188
250.20395376043496,245.562806028
165.897291826712,171.156170957
182.279946182607,179.655164472
235.04021926026687,236.611165826
249.217107815486,247.608998503
232.36071582804686,226.539788827
161.411902855183,182.846009758
199.24832433987305,201.324741629
209.056862121194,207.459763207
183.434363321148,192.083169247
193.523939431555,199.907102854
224.75293746254,227.126180765
201.91432889585602,204.575068218
204.12477717167198,200.751422771
209.261824248252,210.689108953
203.79729620256904,199.908116807
206.95438396507302,200.102800307
180.079183448637,174.576721608
230.177063319617,235.316510139
291.37899975397204,266.77866188
245.563750196119,236.540165458
188.30761217454497,185.39224919
216.38733129845104,213.657979184
195.17488930534,202.359904921
197.76180796082198,189.820722469
256.75769979637994,243.614566741
241.708233978315,231.763239747
214.25670351135503,203.861888324
202.49685604753398,210.363530025
258.39088965498297,248.490134219
218.694495180737,209.593162477
157.467695237113,161.562611619
186.36739326854,185.928576854
247.27128711208198,234.296170088
297.772490860214,268.420154972
199.32408007930198,197.953661036
207.25271561824687,202.104148794
176.354921739931,177.837258674
258.57987288967604,256.071838016
181.15693027754799,180.244597181
232.105207783284,213.117900254
192.851203835065,188.298378556
196.713637027733,210.138373599
207.00825231808,207.355693538
212.773009986055,209.882283605
186.541096526519,185.977827627
206.52159431632,200.546027983
262.163170910774,261.073583625
199.922921525523,202.081981663
211.635072768112,199.360883736
171.781840540721,180.107700191
278.218686113387,262.835151182
197.292781152561,193.752740174
190.86354143471598,182.863625116
166.056622917633,170.035981306
196.84579240614102,202.079981779
180.14216640576802,178.028594375
241.939521694697,239.256791804
239.328943902451,232.240284842
189.600816667865,184.923873088
189.487761100419,188.666129591
172.02958030369496,187.256654778
198.392521511198,203.598734946
224.138210186217,228.448625262
225.73407797187198,230.570532439
136.755622675303,151.063179465
171.873150934878,185.997707257
