211.390800156743,210.531875444
263.00419559927997,263.225196276
167.73094501793997,178.992301866
192.275647596732,189.095092137
166.791416845721,173.707046688
200.834260945591,215.811251193
185.430920897947,195.187185524
229.27624902954102,232.239839072
206.860668688413,213.861131897
205.10050816540402,203.968607967
164.037752351301,187.474296458
167.577237627213,167.464613678
191.68022052636798,203.748635583
194.65985790784,208.322597333
197.442770469479,203.47934011
236.571730724793,228.514015885
116.474921595753,150.307138736
116.474921595753,150.307138736
263.569248713927,267.825972919
174.26408226343398,181.152042823
188.782237787051,202.353452337
172.226786424,175.398481459
192.712899618906,197.242924385
193.795060712206,207.740059961
188.65134474695802,190.259876431
205.272851279834,220.150541511
199.75717294923598,207.344660204
204.48913828604302,217.787441442
250.552028681281,243.893197993
194.92607503768102,199.261231704
176.67761142671299,193.378953004
183.435769694635,192.986429957
208.473380645879,210.032113934
185.16653073106002,194.790151163
212.688386709136,209.702031779
190.144973176675,192.940574702
212.494394928725,218.526621416
194.60578527779998,217.688735611
188.47957788099203,196.161797143
211.401193923565,209.667583652
163.188477238145,171.974325649
182.83632184311298,198.112718812
153.185607297138,161.788408512
192.59419712166198,190.342671501
227.220813865093,224.076736565
166.791416845721,173.707046688
121.16724489444701,136.465565184
212.2796744895,221.188821877
170.837818202337,179.518362178
218.174117462949,223.650109212
238.04162633492902,239.750675632
201.089222431037,207.430299561
206.95682413791198,212.700583088
154.031771281476,172.782079395
207.776957071918,220.732636034
185.255772610191,184.800571976
199.413033964047,199.225792079
243.102180208309,241.064286006
230.96359316409303,229.674359326
226.733545000673,230.739655721
217.245383491666,218.116006129
231.432686872062,235.630595127
245.37686221806499,248.369792236
211.39918442885602,232.644531119
197.131166919128,205.473793171
234.86403577189898,229.466185187
215.06162093611198,212.752609623
179.15997823546797,178.556836936
206.040738769983,205.304138521
172.205250131343,181.055282453
236.38425025501,237.258128997
192.827159198091,192.73309709
257.721261959284,245.019443363
194.924432294544,190.548350937
266.92159104344,255.323960521
247.782968701724,247.855457894
198.77038050405602,205.030824949
235.793139882602,235.600164952
251.78319670116198,282.050398812
191.006324309933,210.181538804
214.63565068108102,216.955108871
188.44773151726397,183.916477774
137.356828349032,148.632486097
178.597960917818,174.828909856
192.068688796006,203.412803535
206.020482888051,205.104553178
257.13315042055,252.170984573
183.718629033256,190.73588031
182.565751895955,196.860438307
236.890265590075,228.324659102
230.732739970355,224.181857586
218.74204801213799,222.378498067
185.54232748792998,192.279066825
210.270494789789,208.582348614
196.74053410471402,195.624658426
227.628849673372,234.568989942
232.600864990136,229.938487176
258.234417338666,248.567418372
215.50743355124402,217.109346765
217.0844793023,226.838210216
193.854212912441,199.72719726
168.687320744672,165.73092469
218.91554280374802,223.74344571
231.77513847644101,235.266480506
180.06500809560902,182.740263087
163.086036730656,182.008611871
200.58282136749,195.316786295
220.64067305105098,213.914152718
181.77929772419498,192.808007495
202.040317286534,216.173739385
272.823390523913,264.134351662
219.099403481093,224.729456733
203.903607984929,205.227994997
263.27996326094603,252.471556298
218.217283062769,222.699200179
200.447623664947,212.368356825
198.63970987985198,196.912967964
182.62101809779702,186.405327758
181.055222192495,183.928632175
183.51157016166303,195.488449444
171.265451159513,193.105058557
202.61377220821203,213.839038293
185.65884639600102,200.341697369
181.95002345708198,200.448461322
167.555772998803,175.647916076
229.32332136487003,230.295399469
222.773907038723,238.731558142
222.497002555047,233.452239762
242.81253729908403,238.627182413
278.975966777265,269.945610548
206.177895447323,219.010545665
208.49559763815398,207.190481377
117.701835772442,126.467422417
167.617970290777,170.389961413
195.288887251147,201.88563607
227.673322855125,226.161076277
206.46737693368198,213.085771531
126.081745364786,141.946118512
210.327600618331,217.599039379
223.72728905941898,226.118460995
210.94938863977,216.904161756
178.252905521926,183.310234837
153.670727544905,168.657439933
278.76870064370604,273.028911206
223.20192332038897,222.424682098
166.578915980609,173.051122724
202.69965383341201,204.129279965
198.26486451345298,203.024455452
160.86425415393802,166.294994866
211.596611057313,211.157506567
202.212846981711,216.438173698
180.178528536034,187.318044665
166.791416845721,173.707046688
197.845745830741,198.831742555
210.74560882217602,206.386599271
201.406949471133,202.452660316
193.65688486319198,194.232106145
238.26685934662498,240.868901815
221.22018253058602,226.037176728
262.468499726806,252.541705576
232.573219494749,238.042830713
221.819518334528,221.55448682
198.47520183413602,206.863155764
233.419454320106,240.258544742
313.08676156640803,279.755956874
254.61685371926004,244.767768929
153.346364967827,161.816641674
201.47671393506698,206.825591265
198.806584153609,201.417727576
197.04870133098498,210.907226989
199.833065164466,203.967809148
176.41929995513402,202.294849144
175.420897305762,172.979356522
215.023097711567,221.813160149
186.030692979632,200.229634357
166.791416845721,173.707046688
179.659339324737,192.449950264
185.826822650239,189.161127154
184.901963558164,187.062347117
190.605965721986,202.45456636
244.956752832727,250.839975557
208.880366450281,204.724628897
192.64736178642897,210.195378751
175.03194993894502,182.042369616
180.810632624379,185.235590452
201.896377234378,218.905667319
208.216688877681,210.520732937
230.216123084361,240.965313181
184.99142391264093,196.845171169
197.41630710362,202.253175666
257.874185699425,248.768184216
158.772218334914,168.276519679
195.044811561237,211.062063389
206.41745049336004,204.179631194
242.978987779096,230.203766466
200.332718958315,205.957500303
250.215698121717,241.618553285
199.96052276147802,201.97334359
236.345191235896,228.383773892
225.320430323741,232.34562016
176.34441917932998,187.345068141
223.821157838191,234.85948575
249.325209759961,236.067258983
291.686282150158,268.072156064
250.115254290098,251.242056652
167.287415350335,183.546784097
203.283232237283,207.007928396
204.843644183084,205.085591359
198.706394304954,216.298608759
141.01287680495702,155.823198657
195.487013886199,203.162771785
207.137343828839,222.478844146
199.56612783994,210.640290512
193.07368911662,209.759990973
224.751969644268,239.635482203
190.379262653641,190.925766737
231.25325111705,229.195220389
175.876832178563,180.336136552
195.720340239687,196.704501557
215.11945606000302,228.366067324
160.353513204102,174.899597889
165.109101284435,161.308819766
224.85466500612003,226.419070799
207.738266564822,206.067069343
222.98789886927202,231.122796639
196.33958199731097,198.292471908
221.042556235428,229.420431052
261.03790032983,249.243995145
210.76156302069302,216.48203481
158.641761206633,169.464377964
192.847312583572,196.976712411
256.433234776198,240.902436419
231.644204084716,227.807568745
161.758314255156,168.153803913
227.395687658469,219.893410836
262.33629425936,254.081245115
207.691645994252,205.817786343
189.611478265237,202.886748221
143.886268119944,155.111790465
193.51849689402198,208.601200944
176.189669111717,193.869203424
185.388569769449,194.573624949
223.66957955218498,228.75292924
171.508047290678,179.320774821
162.60176969943,180.211534475
186.809549774054,190.491129828
148.605542633363,159.935700557
276.505352308247,257.511175242
178.356711001145,190.858264702
199.745668912355,202.458051165
211.680693203713,227.008649277
182.12528558308998,196.531057833
192.34565276024102,211.948441729
179.553028031982,196.379968631
163.37250889817,176.695005495
225.35441899647998,235.308080571
214.119439980557,207.627597275
201.756357000529,217.875184812
241.27113464087003,241.74166569
237.770728177621,233.903574612
207.456844968279,200.270747627
189.16736480491403,194.899068874
196.599708345196,207.280496265
215.61361693353402,220.740887514
203.553920172311,210.099552671
229.25115118961602,226.523346719
174.30926346460097,180.942363622
184.409854757011,194.458061699
180.441540043717,197.47176522
233.560989366489,233.263124106
175.024518519556,176.109737027
172.843906406312,178.542695097
259.761397975619,255.079194923
240.127564659679,235.976215786
189.228689203902,199.028930892
188.060238259289,199.45171715
207.178710086978,212.528809541
170.182448370681,178.783195392
213.767459345178,225.568584647
238.872035182548,233.039086018
220.07123258242902,225.382437952
179.52016688776,189.440961942
214.410687184144,213.417951696
207.66421035553398,210.340920965
181.023396438806,189.81346377
231.760250691922,231.184338172
202.47410511414398,208.019055479
231.651337178994,231.911813672
237.609551970213,235.405317682
202.17947586208302,205.887210046
204.656653238166,207.320321845
219.91344959311598,224.157924396
211.175508737327,218.252817175
223.35013637340802,225.022109317
196.34122977099702,214.279797765
139.142866864303,151.416837835
200.992586961983,206.039413067
187.27336978803902,190.574930425
249.193867950228,244.382400123
210.90953700141898,222.718748376
216.71566545895502,221.442825642
271.536930711882,266.725207009
188.66209076942903,194.983268177
198.18981788322603,197.344799977
295.409206914256,278.261928795
221.748043019874,229.327682924
171.005289754487,190.567949295
180.714912435268,187.907790782
143.003103995446,155.087489028
191.34816807382904,192.646947858
215.450835224949,211.943836268
212.24840396369098,206.351459391
241.420069886823,234.545237507
199.51854566494097,199.23064896
214.26998649959305,210.742594732
174.283324947956,176.872275218
235.78594913397998,235.304015881
135.571990649388,153.88916399
164.222291770301,171.598670579
223.985982534234,222.485831539
240.969707726082,233.713003736
210.049439125168,216.780877673
221.946098551609,224.202602591
165.626827679212,185.807070314
227.644012626424,213.795295941
245.18412518637902,242.017655011
248.082149918461,233.35481068
154.77081179795601,158.324088169
180.29915396593998,198.180574554
166.736321035846,184.909144889
205.819471430319,211.355906129
244.848004602085,237.580911439
197.88438548954602,197.873013972
201.95185827417802,214.975176397
221.79968730345,224.410010659
230.811342687955,230.32903805
202.634368845823,214.198150044
204.11884501675598,208.597298298
224.41662621427398,219.207225076
148.578400011894,151.98739527
220.35451437887002,217.070520067
168.814235698372,171.355301265
252.618777367732,243.233010455
192.66831623897,205.430898826
215.894626218551,212.769494497
236.56467657542302,235.67917677
208.62423835318,216.590204956
211.50252726852,216.715739215
225.383493206329,227.083496022
235.806248674324,222.748386434
242.895261547565,234.032030639
214.434521789729,223.844627766
276.722954577887,274.72825763
175.952265182742,191.169042425
264.137830753271,254.434870688
189.336516900229,195.218447587
163.438871746958,175.461417193
225.176033258446,223.136639844
214.821399819325,207.349844359
160.097838122963,168.138704878
219.92387635644693,233.117325823
172.92815631162603,183.340284852
136.803179411224,144.904567856
216.660499990373,224.708633285
249.56728089833496,240.670694532
173.085244062149,184.010313438
235.103929353424,232.286135214
274.935978584795,266.01388307
209.608013632416,211.342913756
190.62059411175,202.237643775
196.104277311846,200.837851356
243.318122876434,239.085126341
192.11491990488,213.205531304
206.521655511106,203.778925224
186.290315832845,187.687086311
202.573330984977,203.090305377
181.376048179679,179.419408028
193.62057218910093,197.259427723
178.26792188233003,183.283136049
199.934881225968,213.513983863
179.38747339781898,181.077603866
181.485063109063,187.301787799
238.81571196429002,241.592442543
223.748094288676,220.489712913
218.044154014674,214.371874331
163.054251538734,182.827077219
213.718034419019,217.750807302
250.241059284865,247.981152377
217.168096312626,223.203138816
203.517562342329,206.182415887
223.12197433594898,233.675452943
198.675054529152,219.065001593
217.689481053011,217.388722853
176.415703621825,175.268979787
221.75601760675,234.214335494
222.27133758248,224.421184559
166.791416845721,173.707046688
198.50158464273701,201.040561008
171.841273998741,182.361780353
227.403126200407,233.7501746
178.694521687152,188.168952363
232.95383938287603,219.987110229
165.909830747421,177.635571881
172.65915238428505,178.391511224
216.725793002128,233.960964355
266.792396605061,262.191864128
205.82105446911999,251.340717077
156.56884452086,164.794204959
240.173784856175,235.493596821
175.58146088113895,178.998342625
223.166032189854,231.141176364
154.04981243753,161.550360125
165.39356935130698,171.155670672
190.539532895695,195.887385244
175.265399992775,194.043842415
218.070318117453,235.6161308
225.369688059977,230.282229603
135.169936960568,146.454780968
218.03327089598702,222.077826322
168.493685614069,184.178888867
183.516105280736,187.692398357
189.74034073453998,197.312088319
185.330681057952,207.233851781
190.902727848682,185.136333941
278.551972125005,264.466161001
160.715324244629,166.665024703
196.386507842961,212.954002697
197.057226681481,215.659679195
187.426225645448,208.621550821
214.854342334189,230.778095801
95.3484966323417,114.491742659
247.91003593495498,236.208843132
217.232029859417,216.964258232
286.42945520957,279.066072968
278.321390882926,261.474349762
187.688497979351,187.326916758
200.686748401461,207.177029173
193.661170754188,192.316874332
209.999414637779,210.820292703
227.928041893083,233.49733848
190.20178066128102,206.638247884
221.426883835544,217.524339005
159.651902653725,167.208741748
224.930897549002,213.251967315
228.699266839857,223.476965485
166.492460050391,183.641620293
169.887438144394,175.433496904
157.092248489021,167.913368442
227.057556294363,221.516463776
191.019514151538,192.503084857
193.650716087203,204.041140198
250.936451784618,246.386003064
175.63893039303002,177.278945862
182.478919953819,187.389518248
242.818946391961,237.566160663
248.82807919035,245.532972786
188.751770035056,187.905307684
167.221078733337,178.546967684
209.13263149731603,217.992935313
243.42603016423598,242.327476744
213.739969329492,214.894603437
187.126737851181,205.71249318
288.497577522355,257.6175764
245.28393906974893,240.843416927
177.83387758375702,187.251726482
246.363041546076,246.341305538
225.766100561492,223.766580392
184.929214462696,202.162624453
164.829460867123,189.562082896
211.983984744562,222.967685546
195.352373684352,195.6216454
206.66307291496202,206.240839716
172.36427994042597,175.492663842
160.840460000168,172.41248179
199.37765736920798,212.401071916
248.920565168545,238.417211397
190.807499878915,198.701404521
173.240026585732,176.434055159
172.243607424814,172.160711175
197.410977781265,195.217534274
181.82756039589,192.969120656
232.312989771404,223.084748332
237.859631271133,239.253653365
183.067598323861,194.716828819
219.123602887732,227.866945001
218.25647244561299,214.7993497
221.21450577384,224.655613108
233.211899531944,242.899277532
152.871592493925,173.465703894
187.584971875434,195.92330299
235.921403710434,230.222423913
266.738486583611,250.622120937
204.99178800763698,215.299585509
177.082128128158,193.381623902
180.00246976516001,182.037255364
186.415264851699,187.755434276
169.621051419933,181.813026526
163.77668537856002,171.088439336
200.833318595932,205.100006311
189.31817658548303,189.263743427
227.19270638940893,231.288187725
203.20987856516498,205.126803846
253.300635656324,247.271326256
230.329838144492,228.075961124
182.818036463257,188.371364263
149.945527702609,160.485218414
216.162879111364,223.400803495
226.235392002765,220.208630272
170.674049350289,179.295036763
237.641043103882,227.606323151
203.18948139001998,204.413347711
224.05524848746398,222.209496365
213.86301794079498,228.131467153
228.604187614535,230.140476585
163.862012663827,179.17656386
207.247257511641,206.599001064
214.811180642457,221.728122464
227.932151904239,219.881991688
192.289621663269,191.284922055
247.67718452484402,245.310464439
200.78578088166802,207.333563409
201.992033566081,212.707443014
196.95515447777802,204.300277666
186.70067104802501,194.316279855
218.782677487438,226.41823494
177.929929989025,182.491769208
187.901767576703,197.658908696
146.896387773635,158.773384847
219.00704286094899,233.904097755
154.700177068306,177.414501225
216.219210501861,216.491870428
218.683602986884,211.778945503
190.09756089459802,205.634119436
220.9837976761,232.802221346
210.667602277447,226.290312345
209.588193808224,213.019731542
184.25719259605202,191.098351748
178.808941734968,181.907936546
188.25658583472,187.53720249
227.142674978086,232.997871824
171.843255464166,179.143727049
158.15332029088898,160.017664872
226.939730205401,224.562927285
176.505563485517,194.584453512
189.278691762083,194.325887275
121.00335828586799,137.203646294
188.225297474704,191.742022017
166.997059854583,177.978376022
168.076415043991,186.035367502
229.91242546610096,228.205083995
250.230956641585,242.249405072
222.76412502022998,226.760328649
187.737177367643,190.737979488
224.191669175186,222.644184361
179.30267428248797,182.220552319
258.34214866747004,239.149072775
184.12923482082687,189.49405011
214.977318230396,204.945437323
258.173737860262,253.660992049
186.52959634437,200.50428672
248.563524533913,239.867979827
194.949827188633,199.232223957
217.701310444046,206.387079502
209.82232139361,208.165922854
185.152513490542,188.955850039
289.598976591277,262.895715136
186.54650127813,194.583373714
216.959748888558,218.99055512
175.61046658623698,184.354050565
244.206354031622,240.840648612
184.62069419795898,198.871612503
227.319082507153,233.264342394
141.05124249843,156.333824013
184.560569624673,189.674668963
166.956844433373,180.49617053
189.462000053279,195.712839996
194.03950462823798,191.593256532
183.88263426251098,193.822116403
262.477095520419,252.451118146
230.848420380048,231.055591819
186.893517385111,194.896489962
241.07395175398102,250.299979647
179.56566432432496,183.148915446
201.589826182248,214.794849202
188.28666716676102,199.307029784
243.85923599381698,237.216098028
237.97836058372897,241.825381935
158.27500441495198,167.91534924
173.388947698676,171.359554489
244.678455741748,232.307911607
174.47772715065895,187.583893056
250.577587830723,251.909824308
141.965981442815,148.299728712
191.563248915904,207.124505932
312.65774062392995,282.86191274
224.738810729084,213.275389375
218.25369132018398,221.790811664
194.121056295084,205.733492538
206.816823752747,202.270331055
181.922417645805,200.955467623
208.898496618652,212.211869682
198.11467716381802,199.96014002
181.62272332706797,198.776990491
184.77032156520698,175.829072595
158.953353255391,166.023191348
163.29525463679,168.682931131
173.438415999076,181.152724536
153.826923297755,154.141590009
183.28634383445402,186.707471073
229.698335815934,230.154143303
226.371490101338,224.644579844
200.01101275521702,204.541355935
187.848256041506,196.133973269
180.430308352523,198.507506316
179.93915432053,191.019403913
230.410491246025,227.475350592
184.867612229347,201.24256542
220.514220817608,209.918680859
222.865012036131,234.343260209
180.67103306941502,189.157705533
196.631156411343,199.751360458
208.537687986009,210.534678087
172.861678565115,180.43840924
230.797347363194,225.39787794
175.400721722792,180.80927459
201.533604815532,200.77073701
192.27835808285096,208.778143335
200.37942577505402,202.937958346
199.70566488877398,215.625276364
110.49528250367399,126.953183609
192.229127420631,190.643289609
238.384433613723,238.932293679
172.33235277244,179.249268451
227.315052333137,229.058174283
227.050740368334,225.758050978
181.790949234299,185.119009835
161.393191367873,166.465193115
175.68563086504795,186.601440122
174.52813428746003,181.077892003
171.649643429428,183.264375454
244.82723986351897,235.390528934
203.635417897205,203.774949772
221.044392853945,221.626685177
186.01979084076302,196.798316232
218.386522705873,218.213811993
241.93183072049197,239.878206422
228.29484867632598,225.976372893
180.542155119375,189.386014643
172.09830173353,207.613668765
184.629674233602,178.038035566
243.12831805943298,234.82672102
203.264762092631,215.006775692
273.113204998048,262.680918257
163.701616474829,184.227158274
197.893914868931,206.098207152
211.594011997794,211.225625529
196.49815134314602,199.152447704
169.410704059754,174.381544105
209.623333347949,221.400020452
237.755574597913,246.307621798
254.03259166926497,258.280096823
178.81987063488498,179.676522714
177.093989431581,182.279899426
176.200813625727,183.851366105
198.775858587552,211.141913369
155.39342032505698,179.618629423
212.237372434957,216.475172598
184.47563968790686,194.633443941
211.28014112554698,216.090348286
180.25257147075402,189.934614295
184.695787099949,194.420332118
175.91573554432,186.817923976
196.377882039523,204.462430482
213.59978250786997,216.927702395
190.576512110649,193.145151873
176.66841392498299,181.300333533
200.32369826843998,199.869656836
191.45598489404702,202.677335285
213.903290378498,209.290078621
223.466758891972,221.075036349
201.56670443765202,203.757208375
184.444803909402,183.340636929
206.564916713657,209.737671999
199.493257205343,205.370594681
231.339395849019,219.76752679
213.568758172757,214.439950947
264.166003993365,249.773576548
261.26040371383596,253.691681882
210.166194393346,208.723786239
226.433534386033,222.538768169
251.586098047725,254.311242374
225.601827334412,238.951381738
245.701074362559,242.390738921
238.91806244415199,240.488751887
212.63731711491002,226.543883684
239.490853279944,241.06811267
243.411899265597,234.180146591
164.53344359392,170.960073954
188.289491607482,189.499517485
193.09776420504002,196.802186321
210.704141944973,220.717986557
174.058791877237,184.702632844
184.011068891469,188.467158542
211.870661237421,213.670211892
206.473074556072,212.601635741
184.151856211619,187.879561383
222.663998502551,215.629553236
175.88096230258898,184.53613412
181.874569935704,187.490920216
181.88231700218202,193.271734325
189.460909414527,199.696623
161.634618780832,167.935984447
214.057559731212,216.063163356
198.557005983306,202.598562622
175.09368099560902,174.28677317
173.60111628662497,193.806706298
220.842014824917,228.760330933
193.68157553260102,196.461310817
167.436609532971,170.317039159
226.600953787023,217.67795422
181.94568265626202,185.89247294
196.296633279178,185.611090984
188.25127198886398,193.250581469
189.992279111703,197.784009491
193.15194287114102,208.615584786
178.091690964707,190.162598933
212.18889547939702,219.468817361
218.300923195339,225.418554449
228.802889603911,239.083196896
235.76015050140597,236.178782377
178.7585789027,185.340239957
181.381478480723,197.363833688
236.682212703494,233.081909477
209.962283612659,211.903969224
173.33828474813203,196.265679273
154.195057783808,168.469541977
156.81824879739,164.917954337
210.84490708549598,205.002582931
194.281188062326,190.903253132
176.721507437986,180.658954255
169.429369502678,185.876043158
191.561002477763,193.141965841
190.768809538372,186.237839401
180.72952528553398,180.387526544
177.362627753709,187.039320957
206.313071549288,208.182139287
259.421277587992,238.111553956
206.016266495005,203.905961644
183.687208933401,215.551079931
204.366357752239,209.900954691
192.266786077174,196.710988375
209.499431903771,205.767965694
167.232062409175,173.548937774
290.804848626735,301.782844174
138.242009690502,155.954651251
142.252010841144,155.46371515
176.67436593272,182.381722262
156.97303382898198,167.320537064
227.019496474664,226.625642198
220.817103602077,219.798371564
241.793191624408,234.840830648
230.895772539035,222.736859065
174.407252406027,179.276644702
218.445063711267,221.107881282
222.527065727706,220.142719161
254.338963134056,247.544660565
217.346700458702,223.955273988
215.895392572361,218.722534756
223.31763858787997,232.31484928
