216.725793002128,233.960964355
183.910385080179,191.076602169
243.89235380937697,240.172057394
183.03080037513598,191.532411886
198.843365750796,208.845354147
190.540836409557,189.495526056
240.87543244794998,243.982193378
201.600313906727,206.93466298
153.965646938857,159.615047162
228.368534694747,224.086524489
173.947841549243,173.915575391
178.747689107993,195.157399275
161.945058450641,167.948668229
217.356298458263,223.265099383
225.252460485499,220.133367167
250.570647370438,235.544806555
204.914282336669,214.026016065
241.344232358925,236.36429878
239.964148922618,240.308267855
180.429903604409,182.986387813
200.019776153596,200.352372947
271.470879137916,255.032811576
201.565534757104,213.546888104
194.41129498929797,203.087068007
224.871378661964,230.317782138
140.790989393197,159.950745919
262.783299839705,253.467658613
194.616211659102,200.933463864
184.56853994601897,188.650115462
199.415112633727,203.706358628
228.31813118022598,231.308434193
183.69295868791198,195.527671427
301.192518808346,272.095911976
276.358053263377,258.528344897
250.03118529629398,244.13144161
191.86264572681,198.955922995
188.34864158686,198.337071282
193.943924239936,202.23318945
227.049181944919,235.107666368
213.888448539991,220.348522381
208.05222825562802,214.887704298
193.896072604204,202.11280484
212.681202851981,220.566913211
187.85309648855,192.73253557
181.427191426759,192.007456053
239.658577102514,236.478220895
211.070783141057,206.07818884
229.18849283483897,234.40905489
239.249672387109,230.29005861
223.967228102293,234.000888027
224.54348881136002,227.839979339
209.64677443568505,218.303297477
119.61455316526,130.177889259
160.38160307523398,179.202580221
197.89744519104698,199.706127977
225.181842553918,233.911261778
165.957754076005,169.152528347
216.894572264462,211.512639842
249.13749423296002,240.79401915
197.09641468226897,192.829841646
204.35240848040505,217.910881778
201.434378902349,204.428680342
183.396079126353,190.855914138
219.01979072044,222.006062729
200.506896728582,203.215220384
193.316159001119,208.134848064
174.701658854563,177.599071593
203.061214601095,221.593894667
199.26724103813598,207.240513017
260.74902105091303,253.971286138
213.432066089169,209.327300049
159.05103791591998,174.754427137
207.51133052421002,214.357839714
277.803568040076,274.077918884
278.487616117464,259.333267106
194.876795270401,193.144183965
224.321754562822,218.138890165
222.393145152431,222.88142097
204.85089284024897,214.079160686
177.374065095177,172.23611438
179.51128674663002,182.70835999
165.858576195236,183.067071345
200.984116389569,208.497775107
238.16467655790905,235.025811926
169.30464034405898,178.154705354
213.019858565171,217.728801549
143.847306362084,171.047631727
223.473367757203,216.516174008
167.814382209969,184.653335467
311.814855083152,284.37131934
181.418323152832,190.191126167
243.423485425015,233.713481255
164.64433288629,179.38723425
187.465043777735,211.493372958
234.4949892567,230.078440492
209.40136064051103,214.523030193
189.399547034152,207.402640489
196.601017518778,202.705017576
161.634618780832,167.935984447
228.035721185751,227.833242572
203.90232132735,207.627041891
171.668347661396,175.48369948
200.83418261625096,200.616609683
194.41100323793597,203.488942443
207.460272409217,217.297740105
305.59914534208997,287.739966955
245.33038753605496,248.940884857
240.73114398662003,238.968069502
197.90960956057,198.681266711
204.934629329337,196.852415838
267.346183931734,266.476339797
202.50892864768997,211.231039441
196.623432404817,227.280322911
214.05352623878602,223.246073474
181.67431645345687,186.818315118
157.832043466992,171.721709661
189.027926492199,195.402272117
172.92622744745097,170.54095551
178.273401589466,170.351706342
180.06193891166,183.1978625
205.800178434768,211.757007811
176.634180727901,195.996182281
193.002725742472,197.876999005
183.910395628699,191.650481845
176.720990517543,178.308972753
246.917619344104,246.69510166
228.03810505815886,241.155531933
210.811922006085,214.606225092
188.44118137681,204.13589665
263.42068107581,251.543879831
183.927810087019,192.316525487
182.76907949048802,195.395038256
188.33430582967603,190.588425468
208.094019500673,213.126692385
189.250171885886,191.509429022
193.13050062873,201.279468746
182.481700732288,184.829656309
254.29208541877102,231.426655494
215.782462842085,219.044871054
154.952630302845,175.508076719
197.702361374301,207.37450184
176.39898878495399,193.92222312
174.80078515739498,182.627485626
199.936785779095,204.827398881
214.21837670306,211.566435554
233.654557860418,232.247117247
209.475428059813,206.408248675
181.73535902426002,194.173232729
119.76870933303101,137.765809995
186.30597575137,183.565246357
201.691022458092,201.870231521
182.918072498273,189.509770663
199.75194184207402,200.167475625
231.730565100425,232.140682957
256.940864315359,257.543873073
182.12518709641301,186.341366887
206.288364285689,213.550489683
230.55323271491002,230.385251197
238.028389151296,240.336141017
182.52452587158,191.128396462
186.342329238665,184.792611139
226.13875896584702,224.827122607
197.518765869079,197.257685341
194.318844350669,216.642200717
123.788011041576,145.129557968
206.22842875623687,202.841962417
231.342923001517,228.505054247
186.26689370198798,193.832185745
205.83862325506,209.418909541
153.621464729601,171.333214604
173.53714877692403,176.644842998
224.01740563362702,233.256228616
211.92445742470298,222.08141973
190.88602999403702,199.485409727
171.094046614951,174.318822567
165.942963613992,167.279997448
183.30810000906502,191.092013342
146.934965746213,156.898399235
245.513247818655,239.387461457
221.188437704319,224.778382388
187.374412273733,186.200642571
197.82005957336798,196.443193023
192.803604143679,190.097461425
205.222015927896,207.959102005
182.005116153806,185.183787834
204.13161490978803,199.992930045
193.36590227662398,204.258294314
178.55260359901797,184.967569357
245.98074241570703,239.465411604
200.307801135664,211.860330453
243.444272052892,232.139893716
203.974070523166,200.573258619
224.827112564901,235.458776932
209.16500069601798,212.61450329
247.441832139785,240.738742166
240.225897381144,237.762102451
222.31955471236802,219.220055077
197.52432541211002,207.372556711
179.38315926859698,212.541078982
187.30547217518003,193.777477398
218.414438347149,218.985638868
200.996806202015,216.217149346
225.72902954904202,228.544561014
167.032530026141,177.553845006
191.519586042131,196.822858151
224.414411708183,223.796838839
166.312258613995,170.95650542
216.359520356,212.432984261
219.827287700267,218.383126141
181.343235002883,179.560451612
201.56594320505002,216.069931765
235.042377003975,237.408204416
197.627038151134,219.025145298
190.140756731632,204.304389719
186.05710076460701,209.868379602
191.89257231569098,205.748318673
187.858467236231,209.805154025
188.96076088260102,205.147988654
258.369524789847,250.244176534
166.895609643059,175.310295429
177.928655268523,198.473321532
156.230132332454,191.962528496
214.62614957065,214.342716662
215.07662980223202,217.278394911
183.24381898182702,201.063383909
218.90899708960487,218.984245568
204.33617453148887,202.657117798
202.270460535545,214.646394711
273.49834244847,251.540485754
169.821821625091,173.628524116
216.43819699185798,211.77221713
175.507864025815,174.554577694
184.87555028767,187.147770348
273.15491592821604,273.961687792
181.676550108542,203.03885347
207.451707835792,204.817204869
198.729072886505,205.527789297
178.41097971326198,186.5144634
234.490109019482,261.300135944
211.92848518022598,221.485967589
206.11399777804505,214.531389048
233.104491182258,249.713040512
180.447406113996,188.53190645
220.75653385496202,221.892027159
226.55616299111801,227.950836716
191.666464787873,191.244546528
245.100662745527,229.658206114
185.94496330386104,186.182694765
177.26478369600704,191.038902917
201.617491467861,217.123613578
175.81137695996998,187.582741092
165.52939344133,170.785886714
215.14656873270002,224.587962479
262.433736596084,277.794415916
193.653366218102,194.969719991
199.62688998828602,205.872096119
209.947814565281,218.442085769
215.67785572644505,210.993635895
199.569937415067,210.169577728
222.502431648635,229.233187491
250.13142418708802,235.128099804
212.388850076112,213.448965054
206.607406018292,212.482908166
240.134069676362,234.02699112
189.375256844151,201.387890732
187.60071691066202,201.303124487
148.37948881361496,155.988607133
159.126197781848,168.8343097
149.597530883006,151.411337203
203.021461171376,211.57217849
211.450273574935,220.060563662
191.19338925544602,203.72302928
194.828562916878,204.415079112
156.899766544942,172.78612342
223.91621524510398,228.933174255
193.199206040709,199.195917787
204.632829275815,211.484576278
200.11383975472,208.141669973
218.555633511889,250.083385477
206.12388766322,201.403260482
186.803841744286,186.556508367
176.905490269996,188.99205649
205.515987715098,214.744310228
217.51254988794102,224.011105414
177.011465014061,178.867499077
193.415811015191,199.887558299
194.802764051458,202.746624392
191.768424956929,192.7787086
175.195259282778,177.962003648
245.332025760637,239.449501908
225.788737423977,236.366007867
132.645638237335,142.869258573
236.49225889928798,225.871724523
312.05081941339,272.893334204
172.72829318461498,180.725225329
215.694856167123,220.535819224
232.64856732296693,228.797339615
202.89338050351398,199.246972502
161.976474943252,175.944192789
197.158865376041,199.437831355
189.86548098382198,201.516935907
256.93536601544497,254.128113799
134.80347595536,146.039244498
202.85626185178901,208.501415378
217.39187899663503,213.316348995
225.573416677253,232.008158687
185.30081291262698,206.460228054
205.298334149701,215.736735472
187.102622915993,186.766117474
191.333658754823,191.725198844
195.264607314548,196.219910349
259.366703474272,253.323410744
240.930126582304,245.076622605
181.251806589231,196.52376207
263.479798838054,257.248084421
203.753473978273,213.045113306
230.931470819887,235.400196547
195.590178781889,193.045317716
202.146567443918,215.033979815
215.969711210271,223.753717835
213.196399673012,216.555852684
181.943416936884,184.3189138
194.95280427193904,203.239541186
267.611749196352,251.354332274
170.56770773778098,189.310057377
224.755662162352,217.399996267
209.962283612659,211.903969224
191.000308478644,188.968581597
233.466016856605,231.915577309
197.12343392634602,210.092574924
243.650914131175,268.239243036
295.36099319703,288.577837681
197.117898215905,201.781995423
221.674367829517,226.132252089
248.688981372513,240.926409328
245.355540948075,243.396064131
250.79636291894403,242.10685875
174.200129762181,180.705511635
155.956256550527,175.975864748
207.569601664632,207.633841571
198.361329314497,207.551827619
198.27718394126998,194.621071735
227.79344225015097,229.093970675
82.11026668515571,100.317473453
201.691835582468,213.940255357
225.786680482258,223.739151073
168.407112644663,185.711029832
206.56441722846,234.945279931
173.04409180216598,185.086252296
198.474708341433,208.708620919
178.92308337747795,183.527273699
189.58937942344502,188.847749155
275.086988035841,265.413012038
227.08768069119301,232.459111434
223.564449253609,225.605104005
199.52593227327702,205.837838752
200.502723804916,204.314413119
225.19795172882198,217.689048548
207.01288033993,211.133078797
202.38242172729198,207.594896749
193.087063190825,202.215671326
191.003680335585,188.415542517
213.199878395559,215.505636026
215.23604354831696,217.319959826
171.314217129872,182.222606458
326.770530765986,290.840672912
160.09636721316602,164.903661238
180.474294573059,181.681240988
237.649085827145,240.871487401
186.08325574574505,183.631958681
211.360467517193,210.128224133
209.887623323175,208.512989616
185.400216331456,192.826423966
158.24632842222601,183.795945842
209.962283612659,211.903969224
193.052309415805,208.279291349
211.073060956337,208.712113263
188.39627948793998,186.425834659
209.576290255929,226.893302571
242.305914234449,241.452557945
249.444313075895,246.519682854
200.305211993154,203.595565285
196.67204070631502,209.134211077
152.296469178202,172.111097129
253.525119559158,257.400691241
207.76738916392102,204.013110441
206.771755579749,206.566448033
195.69161845958,203.171233967
214.70077405806802,213.740276625
171.64291860373,187.227983301
198.21484039044103,204.032667444
224.08794234242905,225.468144761
179.839346403316,183.864057667
173.065397008509,176.318687714
235.74941869611,231.199676321
184.357829246235,189.962662644
223.58488248034698,225.179502458
195.562083752439,199.433792097
199.130584650488,194.947748914
194.254532578078,187.839171225
218.27189274691398,226.514353488
198.21872072335304,191.927614737
170.72887458774701,173.336393817
215.080924006585,218.369721859
190.682114826395,205.830183798
208.856439732662,202.095149392
218.15147706321,216.363803082
203.840319969569,203.720625087
243.76561985796397,243.253125821
241.345277268963,246.800238916
161.579374704636,164.104153131
184.262888482016,182.241718219
162.480823610677,169.262934635
174.976310748884,175.247691693
162.712677089114,166.877371348
217.232960052397,214.193635464
170.299347327585,183.826442329
204.80351943334702,205.406723598
258.603081204292,234.634554877
228.574588768801,225.002847577
178.20822390210202,170.328872006
203.11531693445,210.248114214
261.795494642084,245.641515262
194.75327381188487,198.253173464
195.881848427634,208.187271598
157.172147829001,187.401732286
175.92460591541595,173.627434912
197.27195898997897,200.855203524
265.026689355899,259.077053869
189.73455438989498,191.337263047
226.497380386277,228.831486533
213.49518102148997,219.350789089
177.42326012409,191.785067384
206.22394394604302,214.123279854
243.12491698531898,235.197331029
127.124381632027,143.369565869
246.67317441944002,236.026405502
222.234847904417,227.421997111
266.89609374029203,265.650216007
209.809945246685,206.337418345
227.74704285433103,227.162221059
187.41686908704102,188.220685644
186.38606920423598,197.876938282
197.82854136744598,211.202190126
205.60863411664397,210.963782176
145.695128441234,156.026411213
272.168786788068,265.993664144
183.10920904258998,193.301249316
212.323244269862,222.479345262
224.274153120299,228.867574365
246.294627292077,251.133302987
248.554195069912,240.429793477
231.501946139799,225.926361383
222.958819896449,236.404440904
233.27124015636397,237.275280592
177.544994868021,204.80765497
201.464378689809,210.81166683
247.029827674689,248.148843389
216.415701391096,225.873101536
239.944574886612,261.233296037
206.227905012093,208.272328097
185.331030904257,198.726589013
231.59115446272702,236.708231543
230.36352291094101,241.279839958
205.435914769323,219.954734496
203.37760885397998,214.448893827
192.967004219825,195.545602383
223.84298270487002,231.984045384
187.53442381365696,197.256729598
187.17574576442902,197.197596133
213.140741022521,217.87201244
159.881268180289,172.531357011
184.77570394607602,199.187955371
171.673790603828,184.584389512
159.868153861261,185.639894354
189.444671103837,198.182968349
152.652541644221,159.380183834
165.15470905688102,178.458118601
154.72814366351298,174.784928321
110.508405591718,127.369413453
179.602665009677,187.9002341
189.60464989105597,197.202857735
154.888247840211,165.307699414
210.341907088495,213.410858485
212.440534470249,219.074866141
195.950705672986,205.07862306
157.755883102252,169.305421155
145.601573364653,164.053218736
148.90932643805098,160.892434411
140.654549804805,152.084904104
203.50164384728802,205.368495966
157.665510636862,173.760363588
185.870850292315,204.577703736
183.117489894736,187.501628189
185.235258481567,200.518111526
194.604087834664,199.836320816
195.833782129861,206.586763617
217.86965256773,225.021946494
191.811028602492,211.328767758
213.556613516342,219.5226502
213.26294354150903,211.114676413
216.29262131321,221.440903154
243.99878360512298,247.504249526
212.178439983904,202.8532533
228.632354556651,227.230920724
189.61251941523705,192.431093622
254.18054763074002,240.879300061
236.72633206477298,228.129094682
215.63109891727902,217.930956741
187.26222800457901,191.781501482
179.85954485015,194.559717316
197.35194483833698,201.633855765
246.21474752267798,241.999912156
221.88475604073287,228.271743634
181.410950126306,193.14498083
226.898469546649,220.755256936
267.840534347806,279.410121926
213.562703063697,213.781554002
208.939112374102,218.774726298
200.81814663314896,201.282944996
178.345204144414,196.018096476
186.673837991218,192.011592027
163.467600202712,170.211559166
181.345750789885,184.886591641
208.385762416115,210.661274299
241.925863883159,237.517452305
188.984272782379,191.818983166
179.158366548525,191.978608671
205.95595459621399,214.349704798
237.475350956278,226.298860212
153.495786472024,159.087109275
206.921497581152,207.762145359
172.14656800593997,183.843198377
171.649643429428,183.264375454
133.426841872066,145.034007026
181.184833079729,179.993841918
186.694420514668,194.015146709
190.18518614732497,190.348518398
191.879307808987,204.201751725
224.937596573782,230.598379787
175.66137358287,193.06520235
207.795663750257,213.916257413
185.12474516471698,191.166317609
195.280663142002,207.801402169
233.024602107893,233.300550676
213.922973695636,214.415660849
200.385493610347,207.715667534
176.196678914003,184.152093352
188.937320846538,185.03524484
186.635618272976,196.978494966
198.671837467606,207.592137684
210.23932809622897,206.21820721
186.714690967519,189.205114845
195.32301242627,195.6362523
265.216991608302,252.807204668
173.428128196769,173.135713722
170.089064387977,174.127718373
257.550333643573,235.958710511
197.226834012552,199.682604142
203.78125434015598,207.918063843
177.088534902649,177.966401159
224.565942056427,231.877428377
168.967138409236,179.306883768
241.57995239285702,239.602683774
209.41898092736,204.878060339
205.04591998728299,213.334656544
141.202156151247,158.918370324
165.573309791335,166.881766484
198.718575183419,211.887760247
190.585397831188,192.184134163
201.424247567198,225.722230743
237.303958620185,233.862784864
156.633041870212,166.475395776
72.3958527581244,91.2063110895
211.316990721703,211.031260987
228.02274133473801,232.785218617
284.481469013536,266.236472076
220.744311328811,208.937161145
200.484473309612,209.857655975
190.47334430856702,216.687781309
174.673188700771,192.269633798
229.651496327477,226.898675531
220.211875323715,219.746460005
162.515542460125,171.714852897
188.627134697306,193.508328883
239.46633063263198,230.303398455
241.836568488601,249.337002182
239.823510203412,239.944983087
249.691439368789,248.513105538
246.12116234752102,246.072710219
230.18494929828202,227.220912816
188.729307160449,186.320624885
201.891609668399,206.484427539
246.92529995572102,245.537222421
146.43872583208798,154.47778705
227.56623735361302,228.539807299
246.564583849589,244.894416055
237.386812405723,239.759993163
206.602631745307,211.56346279
203.639433875599,214.926668359
212.87950318707001,222.558288599
159.88601463602302,173.665058653
222.882510319399,236.858351072
242.53851741680802,240.5568143
255.505994138092,250.006778458
133.391870267827,148.808414669
195.254619318158,202.352208793
179.73776544869202,182.078788143
229.75753381994,231.041945985
228.399155216729,238.418280471
216.853220116255,212.924554633
188.633136177808,196.840272374
240.00884632946202,232.061337831
190.25366909386287,201.662764525
207.240985271845,208.229272144
195.641184024692,206.831129973
192.91820721788397,194.688041709
229.657143325612,228.659791573
236.58944681857102,230.568043228
169.617685818641,192.403047957
177.17307795714,187.853876824
202.194297530892,209.125886196
259.98568952137197,259.457718974
184.999282688214,186.523424996
180.490601869838,182.852438453
194.96789871502202,186.532490637
168.20772317261802,175.356445725
158.565756431269,171.185625493
178.039574324256,181.747551373
191.863261877065,192.078556138
184.07852648022703,184.210541453
239.347968187177,240.238397567
235.389493493625,233.081834296
234.547219471684,227.68524123
208.236368067326,217.749239351
187.42508604906,193.353342833
218.082989375652,225.273275391
212.744689509637,216.458506523
173.107855595755,186.682790827
209.706850136069,213.465651774
275.496363716559,270.500405822
185.74938236980896,193.390046333
231.130944114289,227.30484464
227.359532718618,228.592191086
190.59829544312697,200.182413809
205.469342773812,206.85182259
211.563443135041,217.203630165
186.240648403741,184.62495083
214.970219250315,228.90470934
190.79483932686,213.289405386
207.45481272586,206.314175654
256.698745358902,254.951184565
230.293012987472,237.754466874
229.81516692750802,223.077198008
200.959031755106,217.710942143
179.52016688776,189.440961942
148.03509052078002,169.347589697
203.670131317603,200.977369729
198.469093901099,198.121820377
236.483518220471,240.566333617
212.24832247213402,220.338802065
219.302621461348,219.102926836
156.320553361012,173.747495422
237.41144796172,232.677857918
217.49922952134997,225.590860515
237.490382088443,240.239948203
225.676883954664,223.630489121
232.661332328243,234.728051173
226.337993370279,229.509660146
232.980014340805,235.004299362
208.031644325862,207.806364981
217.69493974465087,216.988070205
175.059957748186,183.740563316
187.97197757330798,189.575564387
199.98633264980202,201.595421132
195.783629893751,193.912974242
172.469945494576,188.345389329
226.76054221357498,228.125330501
198.57048048578702,213.489830346
289.239675915336,267.067675646
173.115616686308,180.265378868
176.479589135061,178.737169331
187.16195285070305,195.998923447
223.30327131669497,222.334747409
197.999004821661,201.186225798
186.18557682067,196.091124808
217.312890290411,216.502008156
183.045685952592,191.828823157
234.99947323736697,229.06270481
259.361690594917,253.471625206
192.144580956211,202.127302423
209.47904289112998,205.66034006
178.796866913987,182.780103863
238.862882303541,229.646680346
257.8690368855,253.574158439
201.647644313595,189.544181652
185.659626279745,204.360738472
169.697488114492,185.090761172
159.145061525586,165.493040485
175.163593865166,178.013787844
231.506468202807,233.615013355
207.61668064621898,218.948129788
246.06440858245497,247.297575672
166.791416845721,173.707046688
178.918720584818,181.348050664
228.56904339002887,239.995231048
248.36425883973098,249.676636798
228.02542801406602,228.56660938
158.241674330462,188.898851863
194.10161059137403,204.565478595
205.766840094464,209.521736483
181.588624018796,196.16846101
195.391275094449,203.162335722
224.267300983517,229.909321004
197.990711569374,207.536929854
205.264756041266,202.214446738
209.913762762463,213.248926629
200.81739748498902,201.471157211
201.53923375698503,201.563673301
175.49679410915004,175.730319276
224.859468148312,239.012131769
283.10849108809,265.602411929
244.732049169912,237.71830241
185.721746708945,186.764771459
211.913449296314,215.868892211
197.328192631209,205.979368594
193.553031415732,190.580734111
255.509763012802,243.470174422
238.401270508838,232.381137547
208.89819848286098,204.663616818
200.242632226076,214.067936212
254.72575026396197,249.477668679
213.46789784063202,210.777400414
155.267925927216,164.382973521
186.001177282747,187.724131479
242.656193734706,234.671541778
288.543111372727,266.44428046
192.663795254181,200.371532998
206.517962921209,203.2314929
175.506206364702,179.96486875
253.974046984764,258.699729579
176.79891386687802,182.467648689
226.650859161713,212.113352667
190.94851443516103,189.209940178
197.958939997061,214.689646929
205.542192733927,210.04003689
209.962283612659,211.903969224
183.977591538276,188.049805821
203.84600453375,201.818445836
260.149646109692,263.469802195
199.603536002679,204.581690349
205.176639231191,199.659429717
171.649643429428,183.264375454
275.507781390541,262.872828635
191.38809313632302,195.681583085
187.82572593432099,183.414837074
163.803118097514,172.823119235
197.134493405636,205.151457799
175.494024741488,180.646708921
238.39812241257005,241.601507688
239.34350345805402,233.200429988
186.74226999230493,186.309479467
188.960072589123,190.169207007
176.08717014632302,191.835144388
194.009215284542,207.044031632
219.40575199808399,232.066742045
221.75601760675,234.214335494
138.242009690502,155.954651251
176.597821488301,189.70875128
