229.415891141439,244.977744861
191.46863077876998,196.73596486
249.294679429875,241.814801551
191.290521345802,197.419277412
202.502521359833,217.843160042
193.925688129865,190.999887221
242.19917220026798,249.472664595
204.819523556018,213.325341028
159.304236255456,164.565585013
233.179992293827,224.659094745
176.764438801841,176.690406133
186.72371484459202,205.623619311
167.210582768267,172.753060763
225.569060096796,229.037147685
224.327377167943,221.475114533
247.99377704327802,232.2552631
213.541495640267,221.634480598
243.375009680999,237.7082258
243.905671031189,243.048225052
185.26053777555302,186.979868649
201.64136619628997,203.766634565
270.62823567135104,252.221492167
207.77742965598802,221.874133437
199.91335680593602,209.392208228
233.40691934128503,235.574174767
150.56470918166,170.28657574
261.904926714916,253.891558281
197.46135688919998,209.042648535
190.903609047833,194.083424376
204.843149660908,209.491215565
233.120863805171,236.08022615
186.618590717347,205.591868407
290.723434309621,265.842773419
274.120660005935,255.252457289
249.11561871823898,246.095705981
200.24572389646,205.657999468
196.107563722091,204.996038392
200.29607573549998,208.712918438
231.45953262996701,242.350999457
220.014434493052,225.985381482
216.516853033198,220.286759259
201.24319242757701,208.811787223
218.97039656977,225.919600297
192.38375177111303,198.433818078
187.96249304612599,199.900598029
240.53276649327003,239.102637403
213.98773579186798,207.086714973
232.152148682118,240.981216946
240.97237538411704,229.054179861
232.467266922004,243.500078606
226.951696287838,232.497193909
213.194916138065,225.72959941
124.933362108592,138.013217216
170.52943852667102,191.216395483
202.630127358109,203.592941108
232.099734159999,240.966514554
165.78860204554198,175.290560172
219.904153646977,211.998744607
250.61645571405103,239.856318693
197.51344540704497,193.735598675
216.998201632383,226.235335934
205.285805282551,208.559507989
188.131620933261,197.921639221
225.349381321488,226.433639921
205.491415691566,208.277995997
203.126729984024,217.201996293
179.16938001688203,181.092472804
217.285490137043,231.407532046
204.675310813086,214.360467983
263.829692094126,255.333284272
215.369151062858,210.8142821
169.3686845226,184.247427323
220.063349904544,219.426185274
280.244649671512,277.249782619
276.39796758998904,254.844504273
197.72013464304686,195.662355522
224.44414326320802,218.380165586
225.077415254117,227.777887905
212.215183824664,220.962158803
176.39133091861805,173.75401205
184.450732061782,186.392379066
178.283042785133,193.517918603
206.080671068712,214.833599247
239.988865369152,237.291584179
175.728126685322,185.904032565
220.445015570682,223.296639002
156.98125449582,186.543239176
224.88315955762002,215.810779975
178.078968879978,195.136751708
302.771180514204,276.63939566
189.50114963386002,195.893059511
243.970736577508,232.353690059
172.619317030078,188.935613883
200.13061982215999,225.269860879
235.15758359761003,231.56792776
215.74290682288898,219.843354093
199.553488817467,217.692404366
200.84153181892898,208.610947226
169.894158243471,173.117560047
229.180821308868,232.264024059
209.281312886688,210.753109936
181.075660856492,180.318313455
204.98852191487202,203.178683977
202.369961269785,210.722734455
214.63301816209702,224.963851939
299.29568697483603,285.844436449
249.72084439728297,253.597409343
246.782693989305,241.343350806
203.86337181412398,201.407419304
205.72052688561504,196.348631433
269.017191674628,269.759223732
208.50584337750598,219.058898529
211.76831980973702,243.445038128
224.858733498372,228.726747718
192.555518719965,189.790229303
166.279477613473,180.315846962
193.24803197042093,201.155913167
172.037590655998,172.852107271
177.199848765552,169.863326656
184.61687115870498,186.954984578
210.352789821078,218.36312992
191.25974730059104,206.531457618
198.93453456084305,202.922076472
186.294084329828,198.501317131
181.42128230278087,180.849926273
253.900141706753,248.641074045
239.082431759039,248.766019006
214.74457984923302,219.828089714
195.265197521489,215.253641515
262.87329547005004,250.638603076
187.814849351949,200.329865688
190.11167539245602,204.846148307
192.845396271254,194.94906164
213.368443247983,218.270080103
193.161930267379,194.776882143
196.964453735599,208.976109679
186.67294602469397,188.599380028
244.695482256093,227.193492534
218.24176791844502,224.850042324
164.643486996856,186.805178945
204.647200898195,214.981656653
186.61418881274102,204.327411564
182.37223830394,188.003498094
206.57088814189203,209.230369259
214.807748667397,213.883852164
235.655596707301,236.710238123
210.682012246529,208.755381644
189.39998572426103,201.726963075
133.765367588744,145.106006662
185.312962066241,186.699552204
206.598244361337,205.191326577
189.067485090169,194.626990955
202.43696103317401,203.831535422
235.55314840850897,236.033338981
260.509659656927,261.01666523
186.146879077036,191.31949299
211.56155620279898,220.385851123
234.966859041642,234.153244898
242.807476010445,245.178777866
187.331900588808,198.166137071
187.49206434283693,187.302493689
227.424207732825,228.204603182
199.328778882046,201.333202269
203.065925298284,229.504178973
135.291798753717,156.424648601
209.554333909165,204.2478514
234.13616874658402,231.384756241
192.64758082673802,200.009074858
211.67875592453493,213.351231775
162.169520187828,182.393434365
177.36460910491505,180.942599602
231.00088621647004,240.971680914
219.055108433366,229.883819185
198.765172885706,206.279638249
173.341829746206,178.994832701
166.762757390047,170.537426776
189.80869632315398,197.749910549
156.01700625915,162.854096359
248.097796463619,240.059775257
229.028456546357,228.917331107
192.48558825466,189.45919253
200.091688032393,199.034213928
194.696444371528,192.838521486
212.54628992489398,211.457224442
187.767894920391,189.001755941
206.426140810986,200.756646784
202.481821686356,210.842299604
182.501051936726,190.635391938
251.648863718787,238.236352667
211.85865753519798,218.842199736
242.41618924518602,231.776116947
201.443526541582,204.284347214
238.846266656166,241.394083099
213.701587819878,217.23314085
244.23513640633098,242.925189616
245.700891006552,240.54546159
224.702159273848,221.254425191
207.460452252162,212.899635296
189.22220192515599,232.680356309
194.007344351277,198.193768664
221.431601027912,222.912112523
208.581058807994,225.665396345
233.106967453538,232.009959381
177.08575658162601,184.197532056
197.31094405350498,201.881135491
230.220412889637,226.753772242
170.699179452756,175.162342294
220.480391744477,213.819623186
222.893722933263,221.285345738
181.941105649643,181.801709708
210.699501851851,225.275779424
239.39649821100102,242.0334577
208.371282036515,231.125146181
200.362898595582,213.291514799
198.51911853236,224.450289132
200.286108328057,216.041113184
200.17821970908298,222.501239213
198.419178687276,216.239020131
258.317754578829,252.558318588
173.084949051222,181.896674148
187.182714233797,211.374596875
172.54870424161598,210.04659917
216.280755461563,217.71603516
219.339773908453,221.414851749
195.157313576255,211.261678808
226.80486575060903,221.742387698
205.16087367045398,206.289792313
212.558052863364,223.989950903
270.486274420695,246.510050776
175.39300373207595,178.079103199
218.281993421343,213.510424969
180.324575051932,177.068229075
187.547470301472,191.532209806
275.715191183545,278.837499217
197.303455357447,214.498462421
211.45402161346698,206.495251892
205.28885487874,211.217280746
184.437428181596,192.469617598
247.82554522587003,282.280787166
218.43618170248797,229.71454378
212.584028713957,221.561149495
239.348847881648,261.565073804
186.273540775015,194.658332179
225.080588386127,225.368673336
228.12170578786598,232.969445815
188.049778981775,195.374898398
239.526073779446,229.136371694
189.37434761244702,189.079137397
184.37479576929798,200.522757353
215.82823276413,227.616767146
183.923267922766,194.822718076
169.281626228977,176.131454014
223.80794262986,231.798982082
273.802578241053,288.357483294
198.045822156582,198.548598089
207.595447559524,211.601897618
216.97684828213298,225.690406359
217.60376843790002,213.21968365
207.259156149111,216.542633025
226.910400944038,237.177925516
245.331308183736,232.07866615
217.25358159745,216.625836167
208.958469849224,218.50509055
242.490718756048,235.283983989
199.36934547632,208.661787079
198.78729538066105,209.202733142
154.611482688892,162.555405966
165.290613229352,175.427555633
147.47514015835898,156.19768942
206.894855015588,220.318516862
217.87371607292096,226.929806721
197.874115603661,211.610552969
206.976187831914,210.188125614
164.651622174759,183.739500757
229.14759072352902,233.775062584
199.13513911639703,204.465683343
213.227077495874,217.211953317
204.166628489599,215.510374944
239.94092243427602,264.056851401
209.50342524562998,201.649807388
189.187872996442,189.585509767
185.828507290001,197.318788393
214.29856809510503,221.607934047
222.900246794252,230.708234503
180.619791285399,181.707895521
197.83675522036896,205.880199473
198.424477501242,210.019171758
197.004008697487,195.243759672
179.710857665674,181.367532312
249.795237003355,240.127197651
234.513063467183,243.732305676
134.243501306075,150.881233631
238.65199832925305,222.978502267
298.494097462397,261.855691309
181.649061242848,186.869147029
223.466361935349,225.469475701
233.547898536082,230.814583668
204.958480706763,200.597709047
169.964844117094,186.327013068
201.278901967736,203.22362727
198.75675905747798,209.938146543
261.814121140819,257.04347394
138.957763564159,153.700197776
208.111323369161,214.233051956
222.911804337829,215.396883887
230.60915551772098,238.694999214
197.826279336214,218.009693833
216.08085065138303,223.241053559
193.59649469656296,187.982360502
195.65624461665797,194.543900037
200.800794238179,198.913344542
258.013133923005,256.050696615
247.84937539490105,250.163318714
190.98501815122899,205.492221741
263.6799973219,259.43522277
211.12662231895598,221.327334235
236.675670873991,240.29263472
196.324004136842,195.149289801
210.344854232242,224.472238251
220.787820589233,230.547897389
217.458046662063,222.127144407
185.829330257617,189.157798865
203.159553327032,210.112184555
267.14945178169603,246.835049581
179.23766127322,200.948181143
226.280695613224,218.303434308
212.18142869145697,215.820844988
188.59593699319998,194.647567986
233.467643666245,235.510967659
206.49712884518502,218.765003743
258.309313551199,283.827678159
296.688302950732,291.179085916
200.76050543393902,207.108430194
227.2359892577,231.088091791
249.08188821439305,241.066033377
251.001811904492,245.435473036
255.334102709677,240.88779041
177.421435001107,187.364078765
169.009448767223,186.916499451
210.864234955198,210.906718871
205.430287568121,212.377945252
200.508502744822,195.69158243
229.236634992145,233.531100811
90.7589204632331,110.00368472
210.305376511926,222.626505075
231.163050546355,225.694022156
177.854764139832,197.031396403
221.505570396093,251.346243001
180.700948769798,192.616752753
207.271152104776,216.539497518
186.57271482968602,187.20624905
191.17338487100704,193.124468933
276.18513856352797,266.353468358
231.56039782096698,238.41732526
230.36849464744,229.327357607
207.58879739212105,211.687160452
205.617644750727,208.694751246
222.948210449292,219.48348846
209.28609126413104,217.303566923
209.428154390426,211.921894801
200.771355049166,209.07237167
194.339449136536,189.584082421
219.941485023509,218.437135726
220.591821366284,221.786459148
180.626352967692,189.331620936
308.053160129687,283.607937864
164.997208438802,170.134794689
185.23474525207803,184.086263473
245.24327320904098,245.113604801
190.618681952496,184.727764354
212.867696598709,212.686925364
211.146851388839,211.774064288
191.301474593356,198.943650456
171.273105940122,197.563293586
212.18142869145697,215.820844988
201.55133222278198,218.565123596
214.775572515507,210.143087898
191.56135498811798,188.751757738
222.876602675723,237.488407472
250.70179882651686,242.7472451
254.39817140705105,248.052960376
205.47378747315497,207.140449224
207.40305173665,218.247936172
159.136495318957,186.586377314
262.426881199818,263.814101717
205.69218265735802,206.407122491
204.86412355309503,210.004576325
203.91500213221198,208.517486482
219.79540324702202,215.016940145
177.81281364241798,198.79294754
200.61576103355,209.995405121
218.65707374617,231.044389469
184.294654513973,188.14654721
176.768008284855,180.616374847
238.48620117992698,233.030984686
193.06658047652303,193.465614584
232.32641899925704,227.578717994
203.757714507173,202.851243848
201.185739558504,195.94067327
193.70556119827802,189.148429552
225.048647468542,234.463664762
196.812618983264,192.260853838
174.46176253112995,176.429122143
221.45499445838402,222.197462732
199.38764134257198,215.815420476
211.315055205895,201.57046582
221.734156448497,218.715565695
207.221445356856,206.07422896
249.876977241032,246.585777915
251.16308750994202,252.546337086
164.958306759738,167.107657665
186.176449852584,183.616521664
167.889196976224,175.257285229
176.86949005194901,178.058160304
167.31193542626698,170.975840654
220.50036675506,215.737538043
176.69958000395698,192.966987976
208.946792485229,207.824788259
250.941374383451,230.231665248
232.64269749056086,226.980332509
179.188881612285,168.659128371
208.304625791077,217.307176954
255.991022683612,243.031264474
204.397410964179,204.603480134
206.04196065026798,217.221301067
167.875475208769,204.845530086
174.921000001637,176.181965084
203.636315633448,204.357803075
267.959962815341,259.051637912
193.345016523001,194.213015255
234.793501145202,231.61923063
217.905506401191,226.182164877
188.59247283479598,200.310956195
215.151623275214,219.185908057
240.701350338365,236.629442906
137.329660893295,152.351946676
244.621304383775,235.442714099
228.409367297545,232.394752924
273.156448256574,267.186799988
216.046004054627,206.265254888
232.421558572694,230.391845932
190.56006577061,191.644954457
190.964813055124,207.480816493
206.465367493851,220.157550475
215.236270706497,216.614519456
152.404713577583,162.111705564
285.606037331419,267.092724316
189.005885475985,200.909547248
219.49966582561797,229.475792985
230.543265712939,233.898764003
253.416906319845,257.530382825
245.895691991567,241.849665972
228.754443636991,226.355917927
232.596623829098,244.78512242
237.91954874139702,242.691208297
192.889416722538,219.124420567
207.5129028152,218.67887697
252.79853888066003,252.031548227
225.356018678848,233.151134139
253.18903843043202,273.134275279
209.589490402089,213.618758678
193.196720481432,208.387844876
236.55868986712997,241.885902003
236.33702611769297,249.557131545
214.074088607332,230.640789132
212.569464368591,222.148663045
196.569883790537,199.440625163
232.048838580812,237.61799831
195.482547555244,203.962374913
197.19174924540798,204.157781265
222.021565280861,222.280919228
166.23858067013398,181.71129814
195.027391307557,208.591013845
181.985007105407,193.637226179
170.767088788726,201.537374911
195.48472836991903,206.780716303
163.118253724498,165.131058726
172.45885340220403,187.571161986
165.79698002163,186.717606602
116.77264260633699,137.065645744
180.24662104913503,196.671083344
195.40976998851397,204.185787029
162.857486553074,172.710592072
217.20847326589802,217.058506381
219.088835724705,225.018097653
203.91750183036999,211.441745111
165.24788286197,177.703667544
156.090462843146,175.074296962
157.549144124772,168.918666938
147.414788561635,160.036847335
206.78065506972698,208.702452911
165.724805883491,183.506495664
197.04859210589802,216.459162959
184.06186168832198,194.786601077
196.482229520432,209.176501755
198.575428193699,204.787105362
204.163043534794,215.976546909
221.986705423092,233.145292071
204.784510316532,222.498336584
217.26414769667,225.718280648
217.32327604937402,212.770852459
220.45230594909802,227.135595554
248.706150507626,253.794716447
208.619558870383,203.055261439
234.195755556805,230.157031618
193.996088782659,196.279006152
252.631083754678,239.168490347
237.36329024855598,228.259468526
221.52885944029097,222.517587484
189.26592406941,196.960673011
192.591167424159,203.579292549
202.125456378164,207.357751207
246.649782168913,242.235185137
231.763295033763,233.684841803
190.135674321587,200.427828856
220.030666379137,224.076720538
278.305413480464,290.924980736
215.654711987861,217.69624755
218.820489584652,225.151593718
202.707082331955,204.634188164
185.549204801359,208.729571739
188.12558519620202,197.260756197
168.86820067946698,175.117829971
189.411623074535,188.763185841
212.67453949257,214.53240371
242.246980684991,240.073890665
192.981803832317,195.6465935
191.217152355673,199.464203929
213.122467695155,220.958116439
238.09613442924305,224.45693793
157.33713286287,164.925388214
211.15251340218398,211.179805816
179.43036049388098,191.873582395
181.347144677537,190.734840995
147.903194115324,150.086996851
180.03900719626995,182.131051566
192.064999605934,200.236099625
187.751109069648,194.910518225
199.502936880117,213.840743476
233.11548218839297,235.548878978
189.70490378727797,203.413810926
213.84649093676003,219.581785657
190.903483087602,196.479075588
201.62344350520598,217.851803022
237.265394362682,236.758651261
214.419187235832,218.196383053
207.60383532598598,213.587119606
183.94270378496398,189.565640358
190.975473634781,186.439898596
194.091778937126,205.258017454
200.876209217239,216.016700396
210.099384340335,207.516203855
192.914106191171,193.210279889
198.886227647531,198.534081062
266.306104117622,251.782751305
174.67977740016602,176.699101817
172.8850220322,179.018946023
251.592465811044,231.714030815
199.98828649262902,203.737221685
210.22658222674,212.992877781
179.828933224712,182.289237139
231.882830803876,236.486874433
169.828839494709,188.429562963
247.534085766707,241.743084173
211.47363486123,206.383841501
211.500818867243,219.550208038
147.744489689931,170.486698457
170.729285745477,169.500193825
209.13652167699797,219.257377959
192.91809991968498,196.11129185
213.39435666751598,239.148123313
238.084650359959,236.022508824
161.177322556753,172.58212786
82.33726539766391,101.019877927
214.27027295586998,214.289701651
237.955873671886,237.462039002
283.359453818729,262.080306478
219.494850118109,206.997362989
210.863520939626,215.639247032
206.25172441907398,231.235144558
183.345101102672,203.410989905
229.275690200204,230.571345969
226.207835627019,221.926083079
169.809647991426,178.517420146
195.07491240965402,198.187815658
236.623331537496,231.088848218
252.75032542330501,255.053710592
252.211866461356,241.77126084
254.418621001802,251.648558775
247.398121985589,250.032912849
231.09634674844898,230.081114672
190.075925109002,188.229759322
208.05671306245,212.210048773
249.874450593564,248.193160116
151.465510146925,160.942581599
230.26353935090302,232.70708316
249.421362263424,246.968343828
240.480637203044,245.497828978
210.968989520757,216.312776422
216.574887185548,222.605001544
220.791250713574,229.869247213
171.376248211128,181.701381305
239.24593047495893,244.361710581
247.05714445886287,243.49016919
262.939224625372,249.964430668
142.382132765011,158.358494712
205.014896835132,208.552873008
182.68329029738499,186.153766811
232.773698456153,235.31489906
239.38812167001305,244.186129217
217.038184639172,215.316477374
193.799260096931,203.521016228
240.041903491885,232.832036612
198.952528992117,209.342714695
211.501421987391,211.875421153
202.08739193684897,214.480189876
194.374252756974,199.148412746
232.787621827169,231.841796776
240.636978892273,232.265712546
180.885017979939,205.142365951
184.37329647807599,196.583556507
213.946750536517,214.315701463
260.925008775567,264.060917003
188.95066099415504,190.459947154
185.742367238507,186.346979575
189.831702363297,186.939589479
174.078295362994,181.124032467
168.982812980688,178.421275317
184.187690794161,185.227026979
195.355653502668,195.946457249
190.47706136871497,186.355866657
243.108514322623,244.821960652
239.699113899288,234.996273444
235.799057407041,228.876903215
216.760187456328,224.487730532
192.318486259473,199.9356845
223.93952797014998,231.50116355
220.395918640389,221.660301952
183.86991056239899,194.762595019
219.010817900596,218.717279842
273.167082588362,274.139932097
190.56677092240898,201.286516111
235.753956696155,227.761098165
232.05876947076,232.869965237
196.24103379066003,208.081766538
211.63367515751702,209.405539863
213.032640946299,224.239498942
191.27935195990398,185.597281051
230.404945625193,235.349135462
205.435281814986,224.887326503
207.727608408788,209.922090458
263.302723316816,256.344510006
239.02937371936198,243.883286152
231.25439425419398,223.54634605
210.738329890342,227.440793429
188.806066538481,196.287318998
156.966715610206,181.210490243
204.82240925012798,203.99917085
198.844948268409,201.476418227
242.555014317281,245.935672843
220.098014536394,226.619058345
218.483559586194,222.534683578
166.44556669235,183.206682305
237.432049766747,235.98922936
228.081605802125,231.180861503
241.70392439782998,244.968865866
227.34410474077202,226.145250875
236.444194374802,238.882091086
230.627214105885,234.346046063
236.294788099296,238.698127798
203.989647810876,213.781248509
219.524352173314,220.025631586
180.939128092547,190.751490405
194.914458969545,192.523966578
204.207249392169,204.915430533
198.660319608956,195.874441862
181.110401982258,199.317035859
226.976805751314,233.67129529
207.271760219884,223.326747541
282.54992861686696,262.579360241
179.91208585319697,184.691218457
180.011353161226,182.585789755
194.647836583931,202.938216277
226.220349955213,224.789149998
204.404907091805,203.280512491
193.310371035485,202.770070902
219.527301585401,219.686893524
188.274298302971,198.209137935
242.66532023659,229.934905539
263.747365265346,253.993183474
198.33282936769902,209.161648234
209.473976513361,207.846997307
182.414977392491,187.308121789
238.88121017981004,229.403182014
263.690253268385,254.444112855
199.009717479457,186.602787227
198.81655138655498,214.620921571
179.848323604981,194.794163973
164.580783870666,169.753191374
179.26027711742802,182.045990446
237.44243502086002,238.147972017
215.426366550847,227.527833743
253.275046803811,251.092327476
170.558524831304,179.393007069
183.81741524671003,184.919799452
237.850724056556,247.77479988
254.165853333429,254.286036762
227.450633638125,233.608190213
174.90139985779203,203.247077787
204.492806430402,212.262065538
211.448477330919,214.144903202
195.11662916224097,205.031374047
197.729491861537,212.075433639
228.51736810913,236.533796546
208.725835186574,214.294284299
205.66623992676102,204.934640414
214.805712548447,219.429897426
202.730425196862,204.351232614
208.10055459401696,205.253149501
179.581375275167,177.420119937
240.443768595927,247.210425189
284.308105867152,261.323915908
243.19403538750703,240.801082794
192.01520609486,188.737953698
216.114596652191,221.16795288
203.456140194055,214.251299256
196.35719039913002,191.408501939
255.42332583077004,242.049675284
242.96654056421696,232.59687301
213.340814354679,205.894948982
210.222844695473,222.398991361
257.83577434988,251.126912256
210.352240661302,213.824798089
160.549586069859,171.199596969
187.73295916983997,191.510821399
245.613099623379,233.756634993
284.371774446531,260.084102749
201.179782914059,205.422361065
208.53682891132598,205.461795584
181.830283031195,184.573779632
259.829890327907,264.373350366
184.603303072463,187.110755918
226.225547139224,208.222709827
194.158774502797,190.204003672
205.64861164445702,226.036600036
212.81554695389,216.583233923
212.18142869145697,215.820844988
190.52478312443,192.545924246
205.448202616813,204.080883649
260.50873893216,268.007021362
206.744820815784,210.074991086
208.503868479021,199.474565224
181.347144677537,190.734840995
272.945482875508,262.469911179
195.95513767268002,199.411827227
189.95897882431305,183.76025193
170.038188219995,179.026821343
202.458203913376,212.434912508
179.628995701438,187.147379411
239.533307712561,247.894562866
239.66560333552502,234.582614662
191.669790992842,188.67411588
191.97475619481602,193.768644096
182.40070226613602,203.687399974
204.004275113182,214.529532981
230.63351202669705,240.681260656
229.060583696214,244.177364226
145.80090894299101,168.038795086
186.48485638457,197.709044588
