214.176820315689,212.894767105
270.017133080412,266.546378122
174.631537739671,186.241520323
195.059631548989,190.268766111
170.558524831304,179.393007069
207.817974520454,226.224049153
193.10655239798302,201.634192199
235.12630436107398,236.735083473
212.41369966167701,220.437477769
205.92494790421298,207.892649575
175.47910578278498,201.545673306
169.091404017796,170.323189108
200.244957807487,212.191385455
202.833523253584,219.400166851
201.320385446503,210.204639706
235.619816385457,228.601053032
129.11839328738898,172.461076921
129.11839328738898,172.461076921
272.741290513662,272.572368446
181.12799781116902,185.790790507
199.225327316245,210.646849243
176.564548411974,180.372789349
198.051002567487,202.359732631
205.71978105278998,216.369673499
191.603251991467,193.064878809
213.99133085565398,230.569202653
202.868412553178,214.096894011
203.89255757069,227.714781118
251.988975291731,244.150191722
198.996534646812,204.432773788
179.324901615536,206.202089207
187.85106541159698,201.651162625
212.333387819719,214.545111675
194.436783895487,201.989982462
214.147204088767,211.513061785
196.552126719323,196.375210565
219.242943025719,224.260445757
212.205314413895,230.660515395
194.70519041231498,201.564247275
215.066282056236,212.369790498
169.90128838624202,178.423120119
191.644753852072,207.650523173
157.23652972851102,167.832853289
196.08976420183998,192.107011405
228.223657212369,226.608135242
170.558524831304,179.393007069
129.510285053293,145.087838692
220.386412248234,227.686393672
176.809702170858,186.937899326
224.243317859783,229.501762598
242.250762205471,243.942439842
205.429655773629,213.509955209
215.650276103751,217.475133939
164.423873742682,181.312749547
219.75522151822798,229.367891267
187.94617006405602,186.854253327
200.726024872473,202.869785696
246.29297170902902,244.490479055
237.013119375107,231.846274431
232.200208159189,235.903378139
223.18923387557098,220.220828848
239.35716773296298,240.034473191
254.70142797953,252.320115731
222.917252571104,244.454508115
205.919335724839,211.848478886
239.229685173145,230.374130807
218.522569534532,213.923880597
181.71902139515498,181.61063948
210.72640701903597,209.114792235
175.831315525501,188.023303241
236.75261048731,243.582034181
195.05376240692902,195.512812101
257.903230159248,242.594581562
194.724305217159,191.651644465
268.630446541974,254.497140187
249.71850204418598,252.915962637
206.519214395758,210.904202146
242.527859896995,239.208708009
268.469918619668,297.98868319
199.318245154654,221.014524917
219.18015917577202,220.920014611
191.55434132235,184.9337407
149.368413664634,154.654174101
178.043569300565,176.743769289
201.97304440201,210.88953288
212.103741334647,207.92727175
254.510812850354,254.451186437
189.28241624174598,197.090682133
192.392881659798,205.873187623
235.081093541186,228.83131375
231.979794915893,224.528177952
224.435499322103,227.022598199
189.934966013518,198.370243677
212.22035131296397,211.592571757
198.992828069626,198.206315602
238.03298670506402,240.597460779
235.781274179409,232.126477419
264.504251090497,246.39039755
221.04956191846,219.762540705
221.30600537979697,234.615292578
201.56064155735902,204.887917413
170.777278014167,167.160601053
221.479488071824,230.098938581
240.823483578017,239.133133245
186.451415722543,185.584041479
175.795435661481,192.243922064
201.831863033763,195.294654171
225.09210439580397,212.023049358
191.211163744184,199.691242136
210.48127807041698,225.057443156
270.452775936502,265.843859406
225.05178287859403,231.02775823
208.832106328778,208.701053146
258.760224458735,252.903644154
225.54027350270303,226.400060752
209.770894445974,219.276983974
201.75472209176002,198.012628235
190.268552118458,188.647497638
184.58931291968003,189.208415953
191.500521263975,203.482533356
183.303783836099,207.143120887
210.36677024864898,221.743597018
192.70027008572498,210.210611286
196.541696738542,210.637558942
174.39758017684397,182.608388673
232.691549592552,234.720844741
235.046471337123,248.477951866
230.480984148955,240.98420789
241.659348696932,240.9685408
279.705480847146,269.94274118
215.336743793643,227.6482688
212.60119564166598,208.541971452
125.045854730045,131.659686521
172.586906817476,174.013017302
201.30540421177798,207.824921759
230.41870417744,228.585759118
214.90055374165001,218.392205527
137.320122107911,150.35964835
216.90240808392102,223.307854526
227.019473875416,230.544640957
216.186509028709,221.611537261
184.90578382726602,187.446682631
160.71931824005898,177.005765545
276.658268541332,274.725825526
229.150023549151,224.833803904
174.94178616679199,178.050746931
210.55300502970687,206.603177482
203.125984658362,207.761168682
166.648303108691,171.303279356
215.608889249756,213.929013033
209.99035023148602,225.01665387
186.73475626489102,193.079284169
170.558524831304,179.393007069
201.46553857399502,201.614901676
210.921149728265,208.294001488
207.08905844068298,205.470015151
197.88352496085702,197.185592879
241.996008749077,246.19554466
229.899504075192,229.869786423
261.40620865493696,252.554316518
240.167954387453,243.132395157
225.968360769201,224.907602827
208.52588945994302,212.583986303
244.00082977908403,244.970748158
305.119131173519,269.540057308
256.317050710436,243.962817475
161.012394218367,167.434266486
204.59703826161598,212.91160722
203.66696516433498,205.49372917
205.550818337156,219.41245489
202.40160962405898,210.567173371
186.72829401730098,216.730298287
176.73705741906602,175.109548542
224.87866624174802,226.897914129
196.48330211450002,209.106986854
170.558524831304,179.393007069
187.94228276030603,200.755569624
193.64828238221298,191.446147248
186.600126585513,191.097815312
195.881619643194,211.214882485
247.600747493269,258.691929345
209.24202630149398,206.472399383
198.668002736779,221.692778666
180.538781616095,188.038011995
186.53881962263802,189.500677983
214.05411080735,228.005901228
211.995898973347,214.076196983
246.322849407117,245.819953335
191.735515538302,203.865476033
202.728430407161,206.465169761
256.876055884116,248.613192534
164.892307626791,174.789692697
204.832115437543,220.975824983
210.981430850582,205.544476186
243.168683886544,227.839719399
207.48872256173198,212.549734403
252.43089341656798,242.380562171
205.43196354627102,205.407022875
237.01829999703997,228.553715485
231.163923900037,238.844539977
181.271823363817,196.161346214
231.910491363839,242.329557235
246.151527181121,235.584213362
286.733274778544,262.223309066
255.624089367622,255.056570879
176.68201054143998,194.238205561
207.475364395813,211.471967189
208.568738619093,207.796289732
210.95651836028802,228.113298573
153.352357175933,162.960609302
202.74944371103,209.899723792
216.869202666812,233.874293216
206.446016090984,218.169614048
203.622467264546,220.399469928
234.039552739282,249.47941842
192.81354723040297,194.170794136
233.478084667353,231.975307139
179.98343453916303,186.186438266
199.43874026006,200.413766523
221.56562409622398,238.325257544
168.056690367317,184.044989814
165.34443381759502,162.237492906
225.61101002046502,231.300057227
210.923650783916,208.149906632
229.255373271634,238.720481716
199.79716509574902,202.501171578
232.159467603331,236.516013902
259.848023751011,248.258382363
213.894109730424,221.963773006
166.230447679058,176.19510997
197.01322178878502,201.704601524
252.333600106741,238.37563782
235.927756683852,229.742080828
170.167482121354,172.713806532
224.87696806866902,221.312756768
270.456991798081,253.181222699
210.28995736778302,207.567675535
201.032278858947,210.215252736
149.984450131356,162.754480278
203.69009906072299,217.780916042
187.489826456805,204.344761336
188.847770205592,203.155161125
231.510021313773,234.345452216
177.89161604331102,185.075889849
173.98193320332803,191.063457243
191.86790047232103,194.98147358
157.546061243024,166.814111121
272.46395397355803,255.336064589
186.29105462771,198.471283088
206.607672001437,206.220863231
220.02529793567,239.390378435
190.30762757792598,204.85112426
208.965171611442,221.533217009
191.50073926669103,206.070204157
173.39507171328302,184.269858037
230.600397981603,244.871041527
218.31939088426398,206.320632182
215.792431878559,227.158803047
245.082639971399,246.335837715
242.17775502054198,235.491818852
206.39879846637402,200.170723726
192.763568586591,200.349768949
205.306343616852,214.233458733
221.649741125932,226.588061764
209.381433913145,217.637629389
231.642958031141,228.805243994
178.265397753233,187.288905789
190.514364575411,202.803414793
190.26901665784197,208.514889858
239.992329179529,235.60069874
175.666835840529,180.440114391
177.251535463418,183.838359829
260.145361359517,257.962931592
240.235446579855,238.250232401
197.974310152565,206.124703901
197.653027603437,205.91651768
210.82234351937302,218.8147161
180.060857722228,184.447607922
222.354758801842,234.581091082
242.202902781367,233.768244117
225.549385271105,231.700843606
188.806066538481,196.287318998
216.88001297135102,217.171728445
213.28351703794,214.831428774
187.784661725498,195.49276504
236.928830461606,234.641262071
210.818265980549,212.718390567
237.482335438708,234.135015094
241.792054104228,237.290533492
206.747823111707,210.005965493
211.287776911343,211.486278324
227.125900075804,229.478357155
218.140052765623,223.284526403
228.04687747781202,228.984575555
213.80286609808,222.439257422
147.696352435285,158.471884995
208.04960549815,211.035492469
190.740235757075,195.849602353
251.47454829714687,245.909326283
218.922816229612,231.570500786
225.736755242902,226.108972603
275.094665216163,268.747720641
194.87702481891998,200.076503632
201.648438118953,199.2891486
295.210537060845,275.958715782
229.162846448241,235.076772936
182.576198197942,200.73164313
185.6801339535,194.39654488
149.25171105523998,162.790362938
195.97993387306,195.86434177
216.43599096395096,214.127552643
214.323488549856,205.542010789
241.242036776532,234.965897032
204.134691418612,200.886199392
216.121568859272,212.4111869
177.64681687177398,181.531347434
241.01995281496,237.722091607
141.823744636912,166.695892898
169.297893904193,177.227526288
229.280396159398,225.65247394
241.859495523433,233.993515246
216.25467260625302,222.396940339
230.50275235883305,227.363129549
177.71828550337398,197.744218761
226.374165428123,212.128543667
249.4996867932,244.088213205
240.143634489669,232.340311307
161.395171986232,161.241690401
189.811865665044,209.249161837
177.975467197108,196.494646159
211.165796027547,217.909718485
247.95716502122397,238.390450917
199.88000328919497,201.735677494
208.42612889497602,225.176301803
229.991245725223,227.425541695
234.66198900631198,234.000118673
207.99788595340087,222.600159285
207.957226510432,214.654094346
225.86995598619703,220.697862913
152.908363703077,156.373257996
222.292885054139,218.884811649
173.050893866023,174.220088882
255.01131089647004,243.580819301
204.13408444503398,214.197009207
218.614025109868,214.111978346
243.40791760118802,238.094438351
219.462536110586,222.146194575
220.956384158201,220.82632153
227.790490295411,231.237624706
235.52537824756502,220.25402606
246.86395075472598,233.525502552
220.175152034766,232.184963058
279.574129683421,278.619218973
186.336620066188,199.962514333
261.217266444915,255.964192515
196.15987243263,200.707057745
171.627758367577,182.69177973
227.753749226724,225.189905587
211.794829047977,208.78595502
166.27666770220802,173.559065625
231.506982182782,242.013191105
180.104813912773,190.28644741
144.506447947221,150.556697236
221.02924384180199,233.933247786
250.95129975104197,240.422087532
181.37597731284,190.939209269
240.94480596131802,232.897382328
274.6604920845,267.544668299
218.78134007057,215.891496478
200.380387318536,209.756991976
202.785494502379,205.432553948
245.436400441399,240.087521487
204.16071764621003,224.599736505
212.260785690914,205.063055078
190.707448667046,191.146587025
203.815331066302,207.053523767
181.25150952831,181.947675845
199.216829509684,202.470214554
184.50916035591203,188.289860946
211.70048582608,221.308329581
181.293165054954,184.707024574
189.63845508468498,192.232198528
246.565873519229,245.298378955
224.704935586222,222.604212811
221.359119738026,215.254507015
171.82438283523499,194.932864336
218.451532123908,222.825592668
251.477058751478,250.972308842
221.463323040057,230.261071527
207.82233246463403,210.534961995
230.386700630882,241.627644067
209.85332156180698,230.95765826
220.344841625707,220.362457829
179.176582555163,177.251711175
229.060583696214,244.177364226
228.96381879644198,227.513121832
170.558524831304,179.393007069
202.78132051798698,205.014019099
175.424057452351,190.915475059
231.350910486111,241.258104521
182.8160195507,195.121907631
229.36860699282903,218.57129008
173.365739913615,185.459196365
178.19356519462397,183.753310942
229.415891141439,244.977744861
269.666936906876,265.94132742
230.621765433937,272.308562251
160.184134148725,171.776304393
239.26382912927502,238.559694049
179.240166456911,183.992493491
233.618237097913,237.419208458
153.906919589331,169.134384476
169.31826334823998,176.859672241
194.745911911222,201.510475935
185.62796706083,205.418181921
229.062678989696,248.207319368
230.688097233097,237.592513503
140.848411321915,153.776724786
225.939719168377,226.817412918
176.71470239053798,193.016213709
188.244545476506,192.307710524
197.165419340157,203.591868598
196.57765650331,221.540472606
192.913368472293,186.11861506
274.908716985275,263.809503524
168.538488226375,171.200490604
206.06768296558,223.454566225
209.147489431925,226.062883852
198.287455892099,220.537398514
228.752353433664,239.616052123
104.03841427573799,125.879897987
242.610032496559,236.272150543
217.372165959784,222.191699814
287.229097149315,280.20805398
274.986707820664,257.787496187
188.200595451011,191.473742156
201.820645608671,215.128543014
193.87083331410702,194.701297056
214.414831002311,214.326831159
234.214758128373,239.071891506
202.03256778061,216.467989339
222.54970233690602,219.922904822
166.767383461852,172.405072332
222.694221640876,212.171145095
228.635298526908,225.109240322
175.736983794584,194.4775926
177.240347119201,179.78080828
163.794591562096,175.511489263
233.018232303908,220.554333408
193.381579193695,195.85559201
199.053592539252,212.9083952
252.77068979749,249.662824045
180.99409268511397,180.577700482
189.40476358373687,191.043131769
243.757473161169,239.785667401
252.36988983224202,247.352618647
191.14469008787896,191.604495234
172.196301158391,186.786158638
215.675974098555,227.967219539
246.66407558024503,246.012287542
212.4508832757,219.812865329
199.510413131133,216.003386477
282.170252917712,247.407101193
247.530717809855,242.221983535
180.350428782872,196.506827738
250.309399946365,249.970855058
229.54908939191398,224.827008281
193.512502384763,213.703148138
174.882675351804,203.865578687
219.83274470903703,230.653495931
198.74910890383097,199.103791542
206.42179752290198,209.235759206
176.85201844618,179.379987305
166.959446310157,179.469901293
208.696346285717,221.783543921
247.98289027936798,237.166793221
198.52461200406398,205.637818962
176.789138488196,180.518615304
175.21421618692295,174.980330794
197.172806207391,198.796095272
191.275114985377,200.787864578
235.490197253415,221.319379876
241.89537034134102,243.036238838
190.671774001208,202.783436203
230.783103206622,233.690357713
220.74031184453,216.419734691
232.52727455884,229.271143773
238.243622810205,251.317230706
162.78762628701298,185.095280398
193.129600221283,202.176294444
235.990370817688,231.881780882
263.866743346306,248.125776528
213.318788296116,223.427478915
187.091383880841,205.179738972
185.221604236426,184.986048502
189.259996767883,191.021528944
179.494308044999,189.737915188
170.752567246768,175.830795684
206.662659659562,209.75802654
192.065906946873,192.816756333
235.24789667803,235.517807465
207.588146393019,208.696833994
254.630230286656,248.43106094
235.280406794813,229.459220526
187.42087737141705,193.590205817
157.192892984522,166.961295093
221.75222099226798,229.483787601
226.23336128525798,222.424381592
176.194645613498,185.914905899
240.36868475616401,226.186045829
207.817266482841,208.003943407
228.50792659266705,223.257302419
225.99905904498402,237.991359783
233.12334054453999,233.20094753
173.46780240853698,188.906196259
206.98831071273102,209.709098082
218.92554911128101,227.588429617
225.754154645424,220.593329548
194.88042053130687,193.455541663
253.237502256986,247.367311981
204.688844490626,214.31821737
210.56395826145598,219.933568913
202.969766990825,210.158783992
192.173918126253,199.705544931
221.930024198983,234.535596073
184.878440145943,187.37803499
196.931819637226,204.946414595
154.623232486897,165.650770015
230.84220130098,243.824492291
167.59774642045602,190.415028689
216.197223948274,220.835853155
218.49637708687303,212.553236971
200.09693579266602,214.865199869
227.367728093686,241.502412357
223.73248764882004,234.622876305
215.722547361439,217.301450492
191.14149505943,198.770221814
183.04406346748402,185.914503911
191.962625494272,190.559333437
235.013298082838,237.932900984
177.596724957581,183.501312333
160.75268899692,163.912378894
232.516899117522,226.186883409
184.940053990704,206.341215879
196.289952750317,199.031442466
129.848868120087,146.148936466
192.76603388476798,196.136083573
172.86465896047,185.142440888
175.348901142146,197.918598106
236.49040523811001,230.927985869
255.578792241138,243.319896221
233.71027823292096,231.007740652
192.540118723656,194.719356104
227.736134974501,225.497911872
183.21085880459597,186.074763107
253.70451549431093,235.238107376
190.37410828878,193.79678622
216.166980152943,203.632020469
256.450875537251,256.61858708
197.239069464011,207.518305209
248.709340480812,239.92084807
200.271092709973,204.397519932
217.951205418713,204.81665945
213.44259065780602,209.491454303
187.67455356588601,193.290525277
280.21634712040503,257.325981915
193.088234037808,200.663683709
223.435106224769,221.626497315
184.43309591021801,189.595587975
244.72753425452998,243.148377922
192.381660191815,208.725376661
234.572914351543,239.139175263
150.471252604672,164.691977367
190.347217969524,194.87653528
176.036097596642,188.797206775
197.36811942283904,199.665722587
194.835621252771,193.29416938
193.735311252431,197.539553704
261.285206036189,252.185909673
237.134042576465,234.347356131
191.189273838511,202.416532771
249.84995657033198,257.417956581
187.331318123383,186.447718355
209.85766760951,223.856469039
199.117062187226,207.134632159
245.860276395431,237.678121806
243.248813958069,246.090094198
166.980259216602,173.887354256
173.971826071506,175.346032093
243.990323201381,230.666059826
180.449433910876,196.627613754
257.504638813382,254.72562827
147.55572251774998,154.189797618
201.468193207933,218.887773328
305.845021376482,276.706113346
226.963934981589,211.102971928
221.215826533699,227.757903648
201.537401242486,213.729534565
208.037813134618,202.945874748
191.66589456278197,213.378880164
213.982384199651,216.722522912
202.166424554742,202.904184727
191.64893691192,208.47964886
184.05417102247296,174.806267734
164.539066352521,170.873280671
168.32863042881598,174.166876817
180.473094518255,186.606546798
150.617231273702,159.471500094
189.389397707134,190.126534035
234.881549155285,233.632314752
229.94506684003798,227.820020247
205.43382957834305,209.617684741
193.671869946684,203.972170054
190.11798501722905,209.41392618
188.395018239063,197.258491103
233.679468917658,229.310644435
196.727411896289,211.961630791
218.198034222685,209.925147642
233.60435097906102,242.160657803
195.07416485466496,192.988121123
204.363611640845,203.04481104
208.01980284430002,215.456077139
177.09916812098498,188.00138802
231.47653574168098,226.85871131
177.4548860602,189.020413318
204.83449698075802,203.936403756
200.20794992151002,218.805052007
205.20071860898,207.242414313
207.379542557634,226.017353854
122.144114232787,135.052726143
194.45357750776,192.14014427
240.762667605639,243.086812416
176.841124080692,184.17049405
233.153371673606,233.512033676
229.51819339555198,228.378074297
184.002088769527,190.274200107
165.522109980847,172.183680017
182.27267357681802,194.041120462
178.742855009011,187.24340709
181.347144677537,190.734840995
243.85547394507702,236.501076747
203.590218470182,207.512123526
226.013411699269,224.583091777
193.821905099433,204.679389404
221.886868248445,221.757902139
246.84892196606498,241.677789906
227.950980112626,229.291109664
184.97539304748,195.908725497
189.01956454387297,225.136948407
184.51782391183102,178.145172095
242.507463505952,235.205307259
211.942123625683,224.186392737
271.62683437471696,263.682533041
173.22515336186,197.008213598
205.023979618594,213.340846069
213.94018552531898,214.338566107
201.964505474152,203.432634883
172.579064694934,179.267734837
225.29637565374802,227.6670032
251.577445478186,251.280639738
261.951289157786,264.604205255
180.536609091404,183.0045791
181.806264566311,187.286487728
182.85977212407602,189.607914484
206.44842895595698,219.467858056
167.384600953828,193.155305568
216.984874039142,222.264537369
191.575744910207,202.416597874
215.020809714394,221.807588429
185.36115036697498,196.345915686
191.584294561369,202.036271662
183.646136142402,195.05928984
203.15189267948898,211.054306061
218.523532821993,222.270108768
194.694189305629,197.296769379
183.843882937529,184.689720147
201.338278983523,202.148538483
198.71569290661893,211.407172544
217.546308602429,210.848401995
224.708331492047,224.159878342
204.901751551246,207.681583414
186.69495851857,185.811949228
211.99400308037102,215.045522666
202.218554242469,211.252966238
229.24219148651002,217.953715622
219.790174657058,217.673185478
263.347917888796,247.909029105
263.959501169763,253.953761449
212.21517552400502,212.120628794
228.799962133494,223.224164513
256.979107140631,259.034709137
237.07422931441897,247.287894585
246.898493953112,245.101461791
242.17984345454101,245.380232562
221.740155976342,235.491264005
241.61724190979598,246.96667849
237.873607742422,234.261363404
167.396116327816,176.216559534
193.061001440622,192.676311903
195.805700814,202.150347457
220.462695892793,226.504897418
185.10752319183499,189.793621815
188.538439202145,193.152165274
213.431019743386,219.053373939
211.268363252978,218.562563098
189.01084445126202,193.03719758
220.27914364354697,215.561946985
180.74402509200502,191.108195148
188.20543787816,192.773533066
189.20092235025,200.864070072
196.991651174915,205.274664923
169.894158243471,173.117560047
217.65578169984403,219.912064867
203.83216553704497,206.243896946
175.064212355204,177.477586581
181.25988497933886,205.420644229
227.765736976232,235.123701383
197.91328767854,200.384365676
171.784329105492,173.972887775
226.810194748541,216.984851238
183.80204114894696,190.477331491
193.096027762072,185.909032066
196.869699771978,197.156857225
197.88717597755402,204.315243545
203.66962088874598,217.385997588
189.05691650654398,197.820177128
218.33707688449502,225.112590307
223.413890001752,232.072523825
238.158261835653,247.761742302
240.184972582584,240.042229931
182.578211605971,191.535761884
190.847712332649,207.177199024
237.792691304465,234.954073567
212.18142869145697,215.820844988
194.652241751501,206.009221466
171.394365508145,174.491618
159.653995286346,171.98769217
210.705746007512,205.939209496
196.49545412974098,191.871773113
182.239707442786,184.583366788
181.95662123321998,195.423569877
197.46030327574903,195.932600931
188.318404056405,189.143572979
182.39425310619703,184.039702966
186.139240360398,192.903283315
212.491339699295,211.828946537
255.152859590667,233.16193406
209.29672273067,207.038867381
205.662741745219,230.718703916
214.027016351692,214.395578685
192.09223441384896,202.867464727
210.90259519238097,207.903941275
171.127212350548,179.705078499
310.891453194534,306.134138099
145.80090894299101,168.038795086
148.849349488704,164.706687627
181.16510527771598,187.638527576
161.098053070402,174.703425239
227.281937750006,230.760697673
224.131821935167,222.783710696
244.288894496141,234.772595065
231.02981424981098,222.018355417
179.147856259527,183.341456249
217.79359616360802,226.991145427
225.74793863968102,223.668871092
254.08494247065,249.484672572
223.59060220109401,231.485129761
219.840253361874,222.643710075
232.418781046581,240.248341613
