211.63617199050597,211.698865992
264.230071013888,264.750691659
169.061165927812,181.938715861
194.875355619468,189.712077805
168.48149166567,176.083263282
198.99810443093898,220.411013416
187.57266369992698,197.986030851
229.617510103818,234.335656908
208.23308498347302,216.63538834
201.74362678724,205.825413141
164.642023109,193.418902979
166.515699560483,168.748276192
193.52126168859402,207.281733692
193.03573517520002,212.899245406
197.070911684698,206.369434647
236.59268620575,228.722340326
118.542554309814,158.917134303
118.542554309814,158.917134303
263.412390560347,270.277381188
176.98714646905898,183.211591347
190.476782427481,205.941790962
171.171833684572,177.574839538
192.46746072083198,199.52047197
197.969764069766,211.331472804
190.567852553536,191.574766638
206.55358836785197,224.429569927
198.03353892426398,210.489779335
206.673456493241,221.687536986
251.133325061661,244.283200621
194.764661349059,201.51346731
171.415612159803,198.805773
183.265118450369,196.505816672
207.243511108424,212.057545316
186.60003199150398,197.864729504
211.234890182898,210.675466815
190.579561979268,194.600118337
216.40300446214198,220.869310173
196.88768870703998,223.321549456
193.587038520643,198.410443363
209.502220128927,211.111561102
164.38686708163002,174.77647094
185.162793970931,202.142564521
157.076172613193,164.223804684
192.635689771255,191.306077555
226.68400154525003,225.235893302
168.48149166567,176.083263282
123.741372382437,140.052062602
215.04110290567797,224.101077203
170.676445120403,182.637434766
218.785445434412,226.261233186
240.885714093885,241.614404351
197.675330548611,210.280282047
208.31750061702598,214.879310513
160.752396612043,176.498868059
208.68674785545898,224.662639106
184.335688535881,185.861887845
198.28432839750198,200.910888225
243.247179295956,242.582582215
232.312835505553,230.798918773
227.159459257416,233.065234358
219.97869406674198,219.251751867
235.046507421608,237.585351746
245.767237868717,250.457831834
215.238338103996,237.565921247
198.45701112584203,208.245597703
235.00670304113498,230.134076094
217.33911477493805,213.53527365
177.05671552599202,179.943155969
205.10154855636299,207.137126749
172.29302786881198,183.906909251
229.78928311350103,240.172413061
192.873558931862,194.035447741
257.429192128858,244.371730263
195.837025398093,191.075964167
263.033141756531,255.429069435
243.981412857525,250.139161431
201.575659860975,207.434584368
235.708257823,237.457530175
254.48639330464002,288.868449688
192.768006109384,214.971193554
216.61500543716,218.737520754
188.37314802517201,184.458346303
139.700905229171,151.318640272
176.83807662609902,175.767166944
193.581999012254,206.748411573
206.132575065768,206.590660019
256.72107130165904,253.212679145
183.327341314996,193.478420075
184.072177590584,200.667002594
234.09047542309898,228.869664273
228.63612817406897,224.760203111
220.65314568073998,224.397451226
184.488887377831,194.880675335
210.257993610393,209.929955953
195.19323343659698,196.91600072
229.109992290084,237.393089053
231.814002600844,231.112426296
260.63346499873796,248.220268159
217.588338214198,218.337960582
221.52384470779498,230.039899412
193.949840367634,202.052854219
167.90521172126998,166.493927939
219.475851637285,226.414491907
234.594692087544,237.182842344
179.16806863394402,184.310336442
165.43740532000402,186.419075484
200.23765129534698,195.628614422
219.693492267497,213.68121964
185.459105218758,195.705372466
203.917240154903,220.014844584
268.103337172892,265.048796207
220.64993024869702,227.394012264
203.064121300466,206.945450675
258.704522419361,252.858172488
222.07235937056598,224.414297191
205.334806306246,215.335545773
198.609413131715,197.590301369
188.36205870031998,187.551165675
179.98081823404098,186.287305086
184.971733635311,198.83446225
170.933216952484,198.939943793
204.564426166844,217.178447429
188.404400657847,204.493034222
184.171424236816,204.773848819
167.33944506319799,178.737637816
227.331246415181,232.424288209
227.168000474763,242.938373101
225.587228607395,236.637288859
241.609315943288,239.833411484
278.003952020714,270.225492451
208.727456826541,222.762829304
210.985479400555,208.049723389
118.69962093143101,128.74153171
169.226550436379,172.007131156
195.513607449127,204.565405307
226.17211211310902,227.410745785
208.11104275021998,215.581417021
128.678961081408,145.567124112
213.35858458185902,220.271471608
224.461621830639,228.102930398
213.283632611861,218.975047182
178.40333084041401,185.28539524
157.64737203511,172.204700716
278.59227685767996,273.875762041
224.84140318412003,223.71218617
167.705126329529,175.349322209
202.64148357291302,205.487346801
199.695327773658,205.099161053
161.060686882962,168.505088907
212.006646236024,212.44825753
205.29247048602102,220.124132159
181.244682903717,189.909840134
168.48149166567,176.083263282
196.872766214916,200.208770237
208.35164685474098,207.282602815
202.19721553331902,203.910397544
191.20467783257303,195.670993586
234.723039685009,243.408909861
224.24384828712002,227.831423591
260.500734403625,252.709648371
234.30188462280898,240.361757791
222.951096303297,223.130825512
201.329558250809,209.404274897
235.919431040886,242.612265833
306.657604983067,276.187346451
250.99752261157997,244.868641585
155.129651687952,164.340132484
203.572327059537,209.207510167
199.94788558086398,203.412185913
198.348776435274,214.328043402
196.97041635461898,206.672045242
176.230497550314,208.430240219
173.28849270337898,174.111020136
216.38284378970002,224.280752704
189.453458527587,203.996612721
168.48149166567,176.083263282
184.924758830272,195.995384793
189.55969337692002,190.454639729
185.364354896477,188.761284173
189.98101304195802,206.148453907
245.70548637559202,254.089115708
208.162267634794,205.572242892
196.76521275009497,214.775325174
175.89678302479302,184.627519514
180.325267677368,187.325462636
206.00085479300202,222.865050851
209.386246165344,212.212495417
238.65845550582299,243.402071191
188.232360199418,199.833012159
199.10461179770698,204.207874577
253.702533558116,249.045022615
159.319688052114,171.057650239
198.206344630012,215.241094837
205.313133375895,205.14081027
240.824318335667,229.593612904
197.36055837017398,208.938727359
246.712287557941,242.333370797
201.571027507575,203.522317378
232.056313025821,228.766400786
230.024457425263,235.122498011
176.439111314279,190.991450832
228.354366030314,238.230043263
244.73097762490698,236.168473412
284.624064945321,266.246052428
249.476797267438,253.056991051
168.840022296173,188.006450844
204.444598145345,208.955391598
208.16086244075802,206.186494003
201.08664518782902,221.119480529
149.770181716959,158.876199458
198.25890270161,205.92104228
210.64575860153198,227.152373683
202.821586547168,213.713784435
193.098685858008,214.269075684
226.28648797398202,243.871811322
188.606990463309,192.360568891
229.27010129874,230.547052713
175.067806110066,182.848205443
194.94885800915,198.405746916
213.462248044896,232.764001772
162.002137207696,178.746530643
164.178322938007,161.926019166
224.405039973866,228.428258916
208.67233724848703,207.190122908
221.636071719427,234.478560318
194.651105622227,200.18105213
222.466237517777,232.54481882
257.790947086091,249.079828573
212.034564849664,218.856091579
160.71898550183997,172.369621677
190.73577462391603,199.121469521
253.001145058145,240.205894194
229.97115864035086,228.915259305
162.644341630845,170.265062426
224.513093412057,220.587065871
264.382716348537,254.314931223
210.369753917435,206.852952281
192.88179680382498,206.194487181
145.218657564771,158.203375447
199.27104551575698,212.335057201
178.119560485887,198.29447755
185.097842700497,198.164519095
224.535049131759,231.382393814
172.47604893501202,181.791165597
164.047604920958,184.794482536
185.547147947063,192.489791729
150.446089134864,162.965081232
267.46582776893,257.110621259
179.071759971917,194.193444011
199.24082040419896,204.325805358
214.243614658849,231.908534023
185.69595949641004,200.029194484
197.688903499221,216.269970476
181.75778308565498,200.575333069
168.622556964839,179.932939165
223.52380843953,239.292729619
214.186275336167,207.697971155
206.607328779439,222.014542568
236.90874139996498,244.022261403
237.78155776794497,234.845334837
205.408969305532,200.470463884
190.48625139670503,197.212649835
197.980562768541,210.366895999
215.17260832546,223.398089159
202.829406073783,213.332747841
227.12167470341402,227.801392918
173.15542203546102,183.698774218
182.33693763325599,197.969763511
183.795237421093,201.984789603
234.79184112495886,234.638010154
172.61967330935397,177.873391297
172.76687084025298,180.872694142
256.655261287235,256.489590018
238.04373833139198,237.059255041
190.769914197329,202.113294607
192.646696712214,202.26885847
207.43016043295398,215.270056717
172.912417749759,181.293096053
216.363780240459,229.368434548
238.70055695758597,233.5289947
220.172428423979,228.092566226
181.48876991834203,192.526118147
211.959324109465,215.153981012
205.67260601872897,212.538210949
183.100761051158,192.271074311
232.04838122833303,232.858125885
204.188786532739,210.282349104
233.64660453086896,233.077101461
238.52296319205,236.480036801
203.45552992674197,207.754950254
204.361293579314,209.286536811
220.22809388216086,226.541709208
213.52506658825902,220.635690805
223.684031914423,226.686200689
201.91372942246898,218.088437668
142.487212105291,154.445373484
203.939483538517,208.218743729
186.353909038479,192.826769128
249.274763507378,245.288378685
212.19080118778302,226.555975979
219.907411601902,223.755837508
271.558553247407,267.681961474
188.43506100910702,197.43761803
196.45877473292802,198.506452395
290.942634540744,277.660022974
222.978847484908,231.904965204
175.798412976043,194.772974969
181.527971234602,190.63671329
143.74703955289,158.37977429
193.055437351498,194.150631267
212.95428479773602,213.077848569
212.35888463400002,206.478543819
241.83001976827202,234.92924275
200.522272164875,200.20914057
214.11199870503003,211.75841703
173.752900323486,178.906777759
237.77580652134202,236.593757987
137.362304824833,158.944118065
165.392115426151,174.007634809
222.533879808728,224.065868807
239.472498599272,234.00534242
207.86490953197497,219.411981911
226.389543240294,225.765267395
169.201263964437,190.717979661
221.07179564718498,213.475152713
244.429575321105,243.335460911
242.919052196592,232.923540857
156.909786852259,159.771562614
183.05037500121898,202.732076106
166.920129952229,189.72127066
204.698093631312,214.207013197
243.081966207257,238.284132672
196.277399235801,199.633013928
201.858305160547,219.286424278
223.554436584477,225.946803975
231.98343216430402,231.925935986
203.383354727121,217.669846098
204.223621158955,211.235502717
223.12285176587602,220.015121077
147.093740372708,153.952681551
219.49288066066,218.086086582
170.00782177822902,172.771123953
248.827973283408,243.801933874
196.08007504984002,209.103194459
213.60759896577702,213.602657296
236.63067255133097,237.091416712
212.688703882306,219.081661096
212.95543092212003,218.61709056
224.469488141815,229.030333117
234.564336731563,222.04751779
240.775398192996,234.225234599
212.469224204483,227.371203754
278.253008853619,276.493463393
179.823724687076,194.845163945
257.43363642795504,255.329103578
188.21383206863098,197.720850414
163.51817897633998,178.763022363
222.97172676008597,224.287934697
212.071189011757,208.027185273
161.146886443123,170.590301516
222.449097456886,236.925811386
172.45300602687402,186.327648444
136.041538546386,147.433816801
214.07127712591202,228.621744074
250.992716148764,240.799405234
178.03193043912202,186.83237192
235.141959414124,233.003757705
270.128514315752,266.94658432
209.793522996986,213.437066698
193.68541647407397,205.45279438
195.317414446626,203.037625053
244.032617366775,239.838927913
198.989745001438,217.969501882
207.101644330432,204.564210797
186.91365368448,189.257902122
201.11509614298998,204.881895338
178.888010109063,180.50806425
193.33135834626896,199.608528697
178.587785116327,185.500147893
203.142804603618,216.833045188
179.23643645852005,182.666513155
182.884205759147,189.659779144
239.88851674558998,243.45542876
220.965300962593,221.675014628
219.886344372014,215.155625093
166.571454761294,187.712278501
212.210817999611,219.973525083
249.969340205616,249.569695591
216.365309361441,226.249090093
202.03924421903,208.257858017
226.804030141594,236.989054128
203.00752678451698,224.032904162
216.713444090042,218.989521681
176.672139829771,176.224010472
218.36252679952,238.40295928
224.53381833692998,226.011146856
168.48149166567,176.083263282
200.382477012621,202.890610645
172.969986735308,185.871121986
227.717593728791,236.833613473
181.22385814211498,190.971402972
227.891363370507,219.732173396
166.278659775664,181.038843531
173.08910669075695,180.709135642
218.930737617639,238.478274393
262.46555100905204,263.977674718
208.79710650882998,260.852261579
160.37354433942102,167.52675449
237.671707680342,236.880660459
176.262404495597,181.228065147
225.56082485062,233.922097335
152.402918048282,164.572400515
164.752604716173,173.610793505
191.147462378533,198.271628106
177.30225556515097,198.704714819
217.22109378223098,241.001010681
219.69881994109105,233.579194255
136.31391745503998,149.486318647
218.662662073863,224.283815817
171.81656278206,187.852845684
183.01872289422198,189.69895653
190.98346927960603,200.145345726
187.50108861318802,213.004133969
188.279887700705,185.819865759
273.57502048707903,264.460385008
161.90473685668698,168.76429729
197.52760693851897,217.498959801
202.24576143318401,220.038100808
190.242220696016,213.528279964
219.375679691105,234.795297947
97.01909893800159,119.056017119
243.425996794171,236.566796778
213.062347862721,219.391478129
284.263430878568,279.995469046
273.125172226881,260.486297714
186.722253287654,189.061713334
199.230625461059,210.401970734
193.15580361615298,193.453046149
208.562585288514,212.586920283
228.561698747655,235.952651209
192.135897134972,210.878362945
219.65619620505,218.615343705
161.35548504564,169.485423439
224.014297504936,212.939204282
227.806683039007,224.351037519
167.401092638866,188.237806313
169.384828585459,177.349520135
157.043239063517,171.182752529
228.17807823976503,221.608692858
190.62255787903598,194.027773015
191.515567379599,207.808870751
246.551889751026,248.115855058
175.138908569653,178.908396653
187.107854186161,189.074083256
239.276037324002,238.788072059
249.746052136456,246.5535617
186.241885416958,189.56482615
168.35459349566798,181.916308882
204.34952480131,222.388796194
240.885294809155,244.108195147
212.707749116163,216.792982941
188.39536087828202,210.077485753
285.62010762935,253.691598692
243.365879330933,241.798506636
175.790672763417,191.143059417
246.061669389947,248.054695524
227.205415751313,224.528508031
185.496024535954,206.93524676
166.854757294899,195.370752769
214.163743740874,226.316113055
193.07129006255101,197.269220368
204.22790871896598,207.71449579
171.792947256693,177.2797484
164.402411061744,175.318849308
201.800761584723,216.368873345
247.222750663733,238.044377517
190.069220672062,201.611367573
172.33381348126,178.316025829
171.790931466053,173.523484885
195.77452818616402,196.829938805
184.925563155605,196.265324715
232.946546317931,222.803435756
240.61196494595,241.012329905
185.790660776562,198.144631292
222.18632849418705,230.580121967
218.77541440665686,215.739065524
225.481821671119,226.86218397
234.347364976052,246.550905433
153.15438947788,178.350823783
189.549224372678,198.705176362
235.16513573683102,230.995204754
264.750494107368,249.797034008
205.647608501508,218.875426877
174.946566117406,198.414301311
181.978657259459,183.392999422
185.43137756102,189.329239312
169.365999251168,185.311824291
166.034725398169,173.199854459
202.098975617398,207.271777484
187.169151805821,190.931656603
228.630977809884,233.275019795
205.214022622594,206.860413334
248.540602983611,248.197615317
229.251332215793,229.01603298
183.96206176513402,190.749965005
151.860023370713,163.336239535
217.139440733829,226.058418576
221.114274172476,221.539284381
171.374418303153,182.166170986
239.28836965997996,227.298340585
203.14525387820703,206.07575915
225.89227499242998,222.817389218
216.624002123941,232.305686102
228.22165884940893,231.772384207
165.271246340404,183.299354086
209.118071812636,207.89895349
216.55743533746897,224.322435989
226.89987065286599,220.344332379
192.72333128734797,192.366751538
246.99177932730302,246.549995454
199.765862790711,210.363554283
204.604519454505,215.907089109
197.201804391379,206.995602154
189.351870281915,196.630652604
217.73410387416303,229.829667688
178.94601389332905,184.66743527
187.26789799691002,200.973127053
148.85469065668698,161.774804295
219.31165438032698,238.165679789
157.64490779950899,182.761152703
213.36959462601502,218.509203533
215.477821690113,212.307722317
191.965853928322,209.604177455
224.06328853781798,236.329468025
216.867440406834,229.899578537
212.139148333042,214.912814844
183.67625517189398,194.256380904
180.540768278238,183.698746174
186.680814158763,188.962195726
230.631541247626,235.160675422
173.31585065002602,181.218963442
156.578588176442,161.742835378
222.87206120280499,225.67695801
178.47116663675598,199.419556255
192.979241578697,196.437456409
122.021519401062,140.916864304
188.63152476774601,193.745863102
167.800707740965,181.101548547
170.185691786108,190.847256926
227.335261351349,229.634764492
245.562509226288,243.10768981
222.066651040585,229.038062417
189.839485886485,192.520546947
225.147426593363,224.053735686
178.83966481016896,183.960398954
252.360098215312,237.812458359
187.15593481976398,191.458786523
215.41838404617198,204.639350533
254.082480187621,255.010822455
191.11934927065602,203.734602545
243.306189746407,240.189268445
194.969605708782,201.466131605
215.141121437921,206.102749958
209.964315761728,208.951851032
187.65208426932202,190.749991835
280.47049631367,260.974898356
187.43625167678397,197.299301131
217.13627714553002,220.390436221
176.641360877924,186.802990064
244.073599255654,241.885568865
185.35702015363097,203.037687028
226.886186539388,235.874686127
143.10015355055,159.939808953
184.991816587522,191.971068817
170.831063222722,184.131515116
191.628662326299,197.629770596
192.70376527758896,192.466151621
187.733555964609,195.880162077
261.911136707776,252.454772507
228.976859309145,232.678013956
184.210204020556,198.210799389
241.237430431488,253.628390039
180.391657494826,184.698605956
206.23855278751202,218.706450147
189.686734839251,202.735336135
244.088554127935,237.771463229
237.79056523914105,243.882425007
160.710658429423,170.621534739
168.017554635566,173.125990105
243.803615364323,231.849986105
176.399969876554,191.306038911
250.628393546305,253.520221588
142.894811261278,150.792309458
190.44188626999698,212.142024726
302.837947732855,280.781143216
223.963569483619,212.731948959
214.99323580393101,224.543118498
198.623627909198,209.024995524
205.885297049208,202.771267162
183.600678223874,206.051303296
210.116792587062,214.193065732
200.801257537188,201.444553647
184.258911713965,202.803023337
181.322124518739,175.707620837
159.810287747395,168.153209699
163.430402343585,171.056129484
173.89604460582402,183.667446847
148.236662426535,156.381630013
183.426069226269,188.413010432
229.47092677197497,231.823214443
225.96494629177602,226.149152248
201.165067997205,206.816448549
187.77831620393002,199.481667636
186.400782570252,202.946984703
186.179273100695,193.763998605
230.549017256619,228.494772535
184.808699237294,205.736803466
217.404489890313,209.995347237
224.80527668472087,237.848807951
186.48980381811901,191.147681385
197.91533116365503,201.476268046
207.27077815196,212.698382979
169.657699806338,183.651666031
228.04117523302398,226.235144352
173.86798929536099,184.111772794
200.34146282646,202.341946382
193.28303614603,213.264747763
202.07986171925097,204.810063837
201.504052179793,219.831469893
118.220396366239,130.249306069
193.544057788478,191.45523527
235.52927538935901,240.721439713
174.104080330233,181.277245693
225.157041547134,231.085684557
229.105274119814,227.024301424
181.60036614986697,187.345945615
161.393120665074,168.903801329
176.82028873408905,189.863251213
176.48276281102798,183.643189921
172.766635506883,186.421751752
241.15618019822497,236.127396839
203.203280173033,205.209980537
223.463506894103,222.992719403
186.241307880214,200.281405415
219.35614012368802,219.849147228
242.226966323239,241.065863378
224.786958863735,227.53605622
182.80515240450902,192.203445554
178.415897616184,214.860223511
184.18861946770198,178.206906346
241.760361007974,235.194860327
201.655447406714,219.041130556
269.405106262015,263.184844437
166.41073142524,189.580240974
196.810255789939,209.297294158
211.45031649703705,212.678748401
196.861913145536,201.137714049
171.543862462416,176.435948249
214.392296136959,224.325316155
243.12295857075,248.721348248
253.18182815564305,261.143331345
178.26143553317797,181.163635667
177.607747740885,184.454824657
177.324113927164,186.426032445
199.323111108756,214.81469814
160.13340096449,185.078081229
209.782811311069,219.04138131
187.229664952421,197.780589348
210.619998134931,218.640245262
182.791412204307,192.661371859
184.585093115429,197.652008547
177.896131431241,190.279616368
197.817054709332,207.453585732
211.873060508196,219.304007286
190.579804078737,195.023356401
178.46794503893997,182.921807122
201.528116520382,200.957064139
192.27058095513803,206.26443401
212.14724171853402,210.104354006
222.13041114427293,222.553662064
202.900041735361,205.571119101
182.87687822881801,184.474906075
207.832018067729,212.061535063
199.880071608378,207.891707872
229.33056593859402,219.384867487
211.768171182072,216.056074729
257.395055140321,249.53882322
261.678014145931,254.181581215
208.01813884806703,210.377254988
225.37963904869702,223.232746377
249.20477172205798,256.61218165
229.30534236398998,242.565819915
245.00789581978802,243.559339391
239.554815571972,242.708935437
214.578213717367,230.306868621
236.58355687948398,243.720510326
241.22240989773601,234.341966862
165.64309807283502,173.167629979
188.57283547886502,191.047554767
193.63269326674597,199.022733158
214.93682250731004,223.324225508
178.66309314261397,187.078076274
184.351001284736,190.598266146
211.843980936092,215.887916581
208.00009222121102,215.064119824
183.659710331238,190.15488816
221.16481000029597,215.652490594
178.20345742723302,187.108767334
180.957522275784,189.879238021
184.81869249925097,196.512420336
195.256111852602,202.170506695
161.358442216241,170.217701309
215.523843746642,217.759192824
198.519286123058,204.465456809
173.98828420949695,175.691395481
176.63448272671002,198.486411349
221.31894068271802,231.729991118
193.83750634061798,198.261078077
168.696931111441,171.886446779
223.87350531959305,217.747083757
183.156386566215,187.808027044
190.897190909553,185.858922889
191.754531688841,195.186679048
191.542901647943,200.646000105
199.558885650778,212.358738498
180.82666803435902,193.419268931
218.70238019606003,221.866016975
219.643044082841,228.508216194
229.040010727058,242.693968184
234.910906216815,237.980928226
179.280251290869,187.943404712
182.128392295272,201.683023652
235.966157236099,234.17529286
211.255362791778,213.58647814
180.150826633844,200.663408918
160.88546892672,171.359068862
154.547558383922,167.86697513
210.74960226843498,205.473716815
193.857183382645,191.523322951
177.05413267561696,182.520326623
172.47496797075001,189.917426697
192.971236565312,194.572679866
188.05574237341,187.491148127
178.123714873842,182.019253088
179.47931097478195,189.782041733
204.72494657216086,210.051143907
255.577617594844,236.385648297
205.013675179696,205.432566543
192.18418644878201,221.894651516
206.33411996753898,212.163766061
190.52251193486802,199.251937948
208.825471436404,206.877738331
166.50501202411004,176.149200752
309.605228231461,303.867812721
141.05698354849702,160.792020634
141.29913216274798,159.299636649
177.086208926516,184.697607272
157.963495556998,170.311254116
224.64331225370603,228.499138324
220.70924689541303,221.076247413
242.579909956494,235.075932449
229.223090692691,222.803474547
175.32264083329,181.139617111
213.900419884947,223.733042441
220.52991238189202,221.81777364
254.780039752159,248.29549275
214.142676073798,227.313662593
217.489288484967,220.303930485
221.480898516897,235.783055523
