218.930737617639,238.478274393
184.58703332093103,193.564795541
242.704823346263,241.206017715
184.43965040042198,194.056522917
198.225697640395,212.576346657
191.573464282437,190.357793646
239.793887601483,246.336334668
202.29356456327,209.689628018
155.1818740654,161.779127418
229.54551645772003,224.681264501
172.92236466917598,175.211130052
183.41541411237702,199.42228088
164.062383227986,169.962643587
217.713504773589,225.913416712
223.559467367612,220.804255693
248.67783957817002,234.616614112
207.87937694965802,217.276151142
240.82976963695,237.143203092
242.157797648665,241.725456949
179.689885663686,184.903138705
200.03204953661498,201.74805046
266.13365900227,254.411667314
203.72219384873,216.913425213
198.568419541081,205.810119203
223.95186605446602,232.955939792
144.316767554354,164.235522586
259.06465045288996,253.847356961
192.14052918522,204.263614424
183.588673196954,191.152181731
197.767641143657,206.221529133
229.990523897561,233.51051215
184.048430366082,199.656626554
297.249238890001,269.74387437
272.773054775533,257.499140171
245.99267503333198,245.122747426
192.7338351749,201.934521971
191.957481756197,201.152928923
198.312790424617,204.73101797
227.80470247824402,238.151283121
216.178770084398,222.918225358
209.202280019507,217.383872279
195.731462120075,205.045830901
215.407767169593,223.057294914
187.09453751921,195.172183649
182.179717397414,195.368436049
240.160269591648,237.675880945
208.20338907329,206.888011522
226.983670559338,237.240740148
241.07515586035493,230.019161758
224.094543551267,237.8880075
223.52726499335486,229.929536312
211.24989506051998,221.334352197
120.321737942728,133.29932901
162.586399967313,184.15697655
196.284659365402,201.514655801
226.07742300542301,237.048760001
164.05371556626002,171.510721874
215.53912044269902,212.018675918
249.671747281501,240.831575314
197.241886542228,193.361140462
207.342047857971,221.495851881
199.936306865321,206.317211455
185.023775048792,193.783718911
217.428318791237,224.139368386
199.488640989469,205.368611144
193.3859559582,212.089863296
176.550807794379,179.195753413
208.09671178478402,225.858757501
202.92219505038898,210.111825257
259.618691676144,254.857254645
208.698983636913,210.384145545
164.441334280788,178.706395373
212.19386510219897,216.655127402
276.194538649497,275.637699693
275.192504092558,257.884717112
194.491174392943,194.369258758
222.658295448261,218.498077861
219.758551621668,225.152264628
206.92031380917197,217.031949572
174.648976636566,172.872584386
182.04817417520002,184.306292655
169.278146320122,187.3732616
199.373720933973,211.292473651
238.656049771189,236.161299148
168.586311967763,181.377462952
213.749203744034,220.242980417
149.246025054797,177.050661527
225.053849895121,216.461591936
168.745846342559,189.10001835
305.329071903377,281.55593679
181.727131326013,192.804477805
241.999865378073,233.382044266
168.105412494389,183.409902639
190.476921744458,217.263951793
234.646323057356,230.876653384
211.776282787461,216.799296038
192.271544895538,211.732990274
197.317211097534,205.125245532
161.358442216241,170.217701309
226.568189363946,229.81878985
208.417128652262,208.998494477
173.596620215075,177.466352769
200.64787660736096,201.917233965
193.21950925226287,206.72349241
211.164045150803,220.62798675
302.550671191092,287.114756598
247.831506431609,251.100741952
240.21681778949105,240.329781883
199.01936663317798,200.072136906
201.195396471408,197.041923551
271.357864254901,267.991629245
203.081236764044,214.461135689
200.047081208783,234.014414649
218.649295410647,225.752586567
184.88269819952598,188.407873048
159.478499646237,175.300803619
192.260162044275,197.838670162
171.169284179685,171.576643009
176.596846528776,170.358805914
180.460301692541,184.969656925
208.835229768478,214.449048823
183.277465819092,200.549109551
194.672627176814,199.970915995
184.204215769354,194.429261374
176.863349644539,179.563684525
248.67920022092704,247.96864152
229.46238395987305,244.606450573
209.360990649313,217.010125807
192.009085011973,208.70636371
260.281361947439,251.444692408
183.413309399806,195.566532054
181.47876487088797,199.447198592
187.719159533405,192.578941586
210.231579281054,215.437064135
188.17210495287102,193.186391806
191.822157210003,204.59085627
181.228074638605,186.643739337
247.733023792495,229.847744841
215.468447085819,221.531535985
159.682979590605,180.27917593
199.82326945705003,210.578324772
180.202240566903,198.229247052
176.69448337514302,184.997172123
201.54057588094503,206.870172475
214.01712771764198,212.682318252
230.625771514258,234.314709037
209.128773217646,207.534473
183.32162970162,197.385454017
128.818920209291,140.997417721
185.22246874892502,184.91268398
201.666177284752,203.391077625
185.068797204483,191.78880192
200.71269203734693,201.71979002
231.14184666551202,233.939745583
261.881784873196,259.139057555
182.603286162578,188.496311316
206.576699446781,216.531462431
229.223858517454,232.253462072
237.55407936640597,242.642489452
184.98374310794998,194.022079251
185.717399292387,185.942750415
225.843626244267,226.435311572
195.90084056583302,199.111411263
196.10298621549597,221.983433647
125.744839683248,149.824197857
203.419719603058,203.806972424
231.147196001217,229.937840167
187.116326956216,196.504486067
207.92805858145002,211.18379228
155.9290825909,175.851664744
174.246646784708,178.520111273
224.414380388691,236.708570608
213.218356382874,225.483515824
190.664441356753,202.47121783
171.290629127359,176.33821797
167.28855255368998,168.697508331
184.016573358438,193.860182202
149.566196477339,159.493765253
245.742178736045,239.945705848
226.44430236547905,226.491597813
185.38217592203603,187.681962355
196.925665356535,197.696497124
186.713905676437,191.549956004
206.004955757108,209.717393005
183.699284966225,186.98229845
205.487477185523,200.505351858
196.701728814635,207.232873294
179.776220967905,187.43802297
246.60432669642103,239.448844435
202.12526948349705,215.025681725
238.87093021736,232.272852167
198.66492691925305,202.150073353
228.76089897900002,238.361993253
208.523561467634,214.545123671
242.358658116236,241.846324678
240.097336715048,239.106654219
222.09038480230302,220.277860194
200.627310090814,210.014208066
184.767938207436,220.387478714
190.327754258199,195.845467168
218.59564392896598,220.721153632
202.49228910765098,220.166834764
228.95365449311905,230.174225129
168.226346907203,180.505593691
192.095504783469,199.084678243
223.30109113036,225.31712884
167.077958096442,172.829082622
214.99994919032287,213.286233792
217.90943820421398,219.88387454
179.716681113316,180.598699004
204.226304383843,219.897127178
238.093152938549,239.413513571
201.593829020457,223.978448395
191.36793545928,208.158128338
186.42200167433498,215.734324216
195.664379242369,209.976537819
191.214061057663,215.115532256
188.522369338595,209.737891471
255.332341209699,251.320436675
167.333012106985,178.150421203
179.55314014489701,203.780011899
162.356658663276,199.624704075
214.833517494398,215.852687463
216.097933732049,219.214367654
185.675858743881,205.312789023
222.74978175476602,220.379325562
205.450713824976,204.16870333
202.438357515504,218.464006457
269.29307324522097,249.842200783
168.438544177573,175.703773374
214.28911233729,212.725930899
174.12803431666802,175.88431943
184.461689788696,188.937191015
270.450159928306,276.054058947
184.675218097062,208.017547429
208.01351554110698,205.714511054
199.950061206726,208.049383231
180.001629665462,189.087710501
231.04512808366903,269.652521759
211.173735279722,225.043514002
206.508106504934,217.634162997
230.464258628018,254.746641812
180.328787964352,191.281076389
221.93916422610096,223.524903934
225.620149923912,230.104087092
190.063165238842,192.84290499
239.48596837752004,229.527553391
185.17217564347087,187.576821
181.776912137097,194.803672512
205.839140219413,221.532937676
178.840494026072,190.683758503
165.579181253134,173.119151719
216.981869474745,227.678902732
262.31845185642504,282.591278499
193.625853003919,196.609724736
200.095328946418,208.470169628
210.53525655330398,221.58987872
213.638828218408,212.126349962
204.464917937919,212.814790497
222.19344411543,232.528920915
248.022424842026,234.090872246
212.32686794081502,214.994118609
206.838562150393,214.970084048
237.696418655918,234.891036894
190.910153721486,204.728763461
190.93730174351398,204.848648477
148.90415599236601,158.656180046
160.231789475277,171.688254813
148.317785424541,153.316594002
200.889031024847,215.205607758
211.205731383893,223.057066994
192.32549165766002,207.024689274
198.798540916353,207.058342657
157.880066795376,177.255501833
229.14166394934296,231.192059708
193.728018729748,201.556839479
204.98782926689603,214.024220922
199.96055722499298,211.291609598
224.822608380691,256.334008557
204.34190841842602,201.938031688
184.805561615849,188.062794164
176.75135720983795,192.4384992
208.524388189339,217.735981295
220.441944604429,227.007975136
176.65145043272702,180.346648897
193.680162044972,202.552768997
195.61008773156502,205.792325029
191.194219753699,194.049694552
175.645123743937,179.531792234
245.62243558680905,239.923321652
226.14794930428002,239.804370844
131.6633499337,146.065098263
239.017120390564,225.05209842
301.960558532707,268.758964373
174.48121457678695,183.43019554
215.656280864009,222.929585399
231.14633453355702,229.915919677
201.918549382697,200.137151918
163.853043124956,180.183334076
196.13316894880901,201.191711644
191.619847083931,205.048012111
255.098317007394,255.579739957
134.745486745112,149.259038534
204.184025382595,211.029478896
212.469927383498,214.524728593
226.014735089077,234.793291082
187.442317712962,211.358360234
205.019151673105,219.175980293
187.965841302598,187.621709024
191.69454483526297,193.114888845
193.480749787427,197.658004347
257.244780323018,254.536033992
242.860512329827,247.383162271
185.19463685305598,200.32933281
260.874129583336,258.426809028
202.377801371777,216.64473381
230.45420556442286,237.640015086
192.217494519691,194.183589261
203.228242919608,219.010833549
216.628350777088,226.644519141
212.68748472620098,219.035552209
180.775601615747,186.352295654
196.583403517783,206.266325799
267.307579588065,249.991600412
174.921537592555,193.923096031
224.059064156043,218.043869742
211.255362791778,213.58647814
187.776044381962,191.314829742
231.877311932383,233.563111668
198.131279265379,213.880465935
240.940197485602,274.920863297
291.893168356888,289.940784256
196.868408007945,204.068148783
222.92521208578486,228.501332809
247.77767976558602,241.237730466
247.007229032608,244.542023703
250.754995996323,242.124822365
171.854399198449,183.653880271
160.448789481522,180.414469985
205.043285303081,209.314139008
203.76660701663002,209.557535221
196.22328414521598,195.462067607
227.812099756476,230.936495987
84.1622834909673,104.255758443
201.390011006975,217.564350584
224.900896931176,224.815340149
169.774308481464,190.445815818
209.129092877633,241.767551255
176.39387542605,188.157703536
200.264496266084,212.012322938
179.19856005225205,185.309381527
186.690027782615,190.715505397
272.74796238688,266.092651449
225.661427426897,235.22268287
223.994384696123,227.437772741
200.576852670835,208.380327219
201.56350746124298,206.304267953
220.70697714553,218.628694946
206.724833177701,213.7116814
201.757430773981,209.830389459
194.23435176411,205.252701481
191.491938705507,189.125536995
212.72120778636287,217.141440095
214.863945328818,219.295085484
173.76278376246103,185.289026951
315.859040778966,288.040137335
160.79318678362802,167.071802142
181.83628840051887,182.830978072
238.39477836514087,242.96654969
186.10151987141003,184.343855577
212.648663448653,211.290661206
210.35837835620202,209.926157908
186.438267885251,195.389960636
163.36016970287702,189.467074731
211.255362791778,213.58647814
197.2996007307,212.422283636
212.85742107871,209.576502855
186.454985648338,187.693167874
214.034872480138,231.409110154
244.287949767379,242.25428767
251.813283233958,247.271386899
202.334395723855,205.224949397
198.163984030771,212.853372048
151.406209153357,177.841392789
251.70821776698503,260.383617007
205.314505879548,205.127884756
206.16364397273705,208.055133243
198.47984744759304,205.514609371
217.570502273607,214.569409935
173.13956245385899,191.725156174
198.23646520687402,206.552992821
218.49987528115503,227.895513046
180.54809745154998,185.901945751
171.789812345168,178.333787177
232.784711872299,232.400511456
186.811318790896,191.751749378
222.95883423339905,226.717575736
196.668827523884,201.210647669
198.71584147582402,195.569370101
191.06670751648,188.587560979
219.679696553817,229.844070678
196.831779309941,192.291761281
173.570858834474,174.737920802
217.433232272965,220.134273153
194.65469221806597,209.894418881
209.03784064535702,202.154054197
217.112331053167,217.650700588
203.504216484064,204.985227401
243.984135406623,244.926341532
240.431657565941,249.686216439
162.443831424504,165.457973448
183.360627977953,183.042690707
162.548165125795,171.851297664
174.802347101345,176.557928276
164.337167834278,168.700255502
216.72898363925896,215.12002683
170.612782683617,187.870333016
204.813369004369,206.714874738
254.33884909161597,233.083339352
225.639363996512,226.169887367
178.895109027882,169.814751327
203.31623937601003,213.235851491
258.193988013178,244.705152974
194.02589939377603,201.079438706
195.434463448026,212.081543401
159.58680257887104,194.409381454
174.575651466783,174.640082925
198.015788882125,202.546764692
262.62961609113097,259.539431273
190.711951416058,192.717171354
227.821592114326,230.289038889
213.26855394004286,222.122770928
180.00693161453202,195.411280637
208.04607636871003,216.515354456
240.66071471054002,235.845685223
129.915607625321,147.145772622
245.17307923012,235.984011611
224.43086456348598,229.652968156
268.262935100271,266.747129818
211.4827451277,206.653308362
228.00723836918598,228.612722824
185.36482804865398,189.847805102
187.594063557302,201.733152569
199.539403848294,215.003599607
202.77118834603002,213.700293354
149.770279422122,158.65088552
269.478983765005,267.268635361
184.016000244047,196.595062086
216.52120310240002,225.340119523
224.53800487729998,231.166493632
245.06402307272486,254.059346346
241.912366949594,241.381715964
233.207939775541,226.160476243
225.67697700322896,240.180039681
237.288313920597,239.462989757
183.186897572884,210.711088972
202.843501613312,214.081916133
246.455631395042,250.156491803
215.59772122379502,229.247635061
242.519503371099,266.469823399
204.22969868652302,210.672991986
185.437507544483,202.71527874
232.605062164178,239.092027182
230.289767248751,244.86318965
205.19849217787103,224.558038816
205.98776957928,217.773225831
192.11588272307998,197.343726039
227.52696314315,234.485484204
188.241122778147,200.21393008
190.083657769919,200.190012359
215.984760144364,220.046523938
160.044500923013,176.36987542
184.46419514252705,203.321854789
173.238063965266,188.467589389
161.385580563183,192.034230543
185.78637064814203,201.730892597
159.813216560645,161.43266761
170.529487998736,182.084552976
158.56538223238198,179.704163984
113.30152741915501,131.168853225
177.386946435532,191.48028937
188.561288675078,200.216663494
156.709452684734,168.391092602
212.727630271482,215.182727503
212.291264774164,221.833430566
198.456164668064,208.013129764
158.94929289863,172.911902134
147.911164034328,168.597639092
149.482341257851,164.393886233
141.596523825865,155.250021469
202.589170605969,206.742021362
162.137257672224,177.795997989
186.792420413231,209.711958921
180.209335586537,190.513631163
187.649598299891,204.387311444
195.556058383116,202.063871586
196.846177232899,210.623453037
213.47326164629501,228.413980053
196.464556293248,216.046188958
214.878483353863,222.17409588
213.269291852256,212.102725157
216.206714790602,223.850456438
244.400619838812,250.317700717
210.590637413502,202.959540641
228.648867688335,228.664548634
190.17554009031002,194.189599183
250.87229517324798,240.513609488
235.129843107812,228.437851297
214.09151376220402,220.156820074
186.560501355507,193.967235464
181.86342589657104,198.530644432
196.514718344299,204.254212414
244.79271027472302,242.40737486
223.172876001128,230.699820556
182.64216792015702,196.402323401
224.227565085508,221.95481321
265.189565462367,284.245170085
214.496238842839,215.533508656
215.984626419329,221.43223097
198.46451526068,202.855228541
176.745275039711,201.20976973
187.502849007303,194.266080618
165.35402125468,172.414238177
180.693491761797,186.807555152
210.659003222518,212.458096111
240.89292031950905,238.618756951
188.459955622799,193.623839488
184.282456715485,195.285641861
207.485955962904,217.251300638
236.663265063918,225.809506536
152.627223329944,161.622388864
208.82173075444,209.351150754
172.85447903459203,187.200166897
172.766635506883,186.421751752
135.945452847583,147.44652851
181.62204862096002,180.942311771
185.30176629889,196.89314958
189.27965767861198,192.168197592
195.70872495893798,208.266325606
231.705084059808,232.69775172
182.032723072599,197.360535411
208.354208069933,216.428234674
186.142347170079,193.503723464
194.57060207102901,211.987040257
231.685326928442,235.009504355
213.087217850831,216.084217982
201.104092293425,210.383906632
177.01844775643903,186.63281602
187.889544149588,185.806416081
186.562492698262,200.582727726
198.602248375872,210.971965483
208.940114387872,206.876907547
186.086633525828,191.170603633
195.244833091343,197.077782532
261.527219167312,252.775263481
170.551043282125,174.71075635
168.95020331617096,176.259758137
251.740925253287,234.453174264
196.42970444858997,201.521904055
201.542695865983,210.233598731
176.517242553134,179.890136205
226.668883556113,234.305502908
166.610616323945,182.92815366
241.734741410849,240.742098628
208.195407715955,205.661756448
206.64271724287,216.088902272
143.32401606141198,163.377990752
166.732115457229,168.186285911
204.273890690513,215.11060861
188.91595011949002,193.954256129
203.234999616232,231.367923174
236.484688114841,234.960390341
159.677817014009,168.943555363
73.209482813702,95.3389158198
210.57077504977505,212.539128598
230.70730645167598,234.878085774
280.806840435681,264.994190194
219.04422756933,208.363741513
202.713290495073,212.507281885
197.252897509651,222.768394969
177.883650531445,196.812059879
226.08852244701401,228.602463407
220.577396978324,220.991240476
166.195676670876,174.541729763
189.74477500594898,195.607744506
238.14824628970402,230.679661459
242.630577981837,252.074176577
242.26417348492802,241.141664235
246.11229649907003,250.12667878
245.083526946288,247.911492648
229.273564007789,228.562670234
188.695234392908,187.259343003
199.11987052250998,209.046488538
243.56897146109299,247.052327207
146.112356571911,157.187615957
230.279418773353,230.419995153
248.30954767057202,246.047134511
236.102528630297,242.262495837
208.58762660671798,213.488583117
204.984049755993,218.409073511
214.83824637233897,225.750548882
161.901870162888,177.180169428
228.35831473390098,240.300890683
239.843734388699,241.96616403
253.722798540579,250.693791644
135.517607480029,152.778969796
197.898538249024,205.1771987
178.137915830107,184.040540058
231.392829310804,232.912902681
229.05035441955602,241.43187318
215.14290919533798,213.999950785
188.088328747263,199.814631054
235.85148375178287,232.61236458
191.330354787928,204.954940319
206.36097667805802,209.894851561
196.506292110433,210.092038536
193.10911666082,196.683761922
229.536828999892,230.0502465
234.749564873367,231.734475758
176.801640487093,197.502503089
178.93279846575803,191.426066593
205.613401893867,211.515825369
256.179093882879,261.558879665
186.771396042841,188.261380529
181.43577532593798,184.4586033
191.135586680581,186.68119218
167.703353488643,177.975135612
161.525496535718,174.24495209
180.93593586285093,183.347336357
192.178417756264,193.970914265
184.783408857929,185.465695257
238.159462687478,242.377667875
234.563200365532,234.184847744
232.381766510606,228.548594943
209.45182745641003,220.780302503
186.866330243512,196.180166156
220.192632055548,227.994339522
210.318970345438,218.777746165
175.78248046117298,190.011852995
207.6954542818,215.92960432
274.546577855328,272.059878291
184.626807649913,196.735883078
233.948958527703,227.730529836
222.964858695161,230.707342742
191.343838073266,203.518964159
207.06340515818403,208.222743115
211.741256965937,219.993022495
186.733962221443,185.380582715
220.307021193585,232.079520086
197.621257248758,217.979389519
206.785988333498,207.962148414
259.779206202934,255.958294163
233.65306968146086,240.566187616
229.885598681176,223.591355993
203.93741492230703,221.888959468
181.48876991834203,192.526118147
149.31014369383,174.221963746
199.57495747549999,202.531931011
196.254194797117,199.661009108
234.82135614104698,243.128923363
213.728602712407,223.236507902
216.828230062013,220.689855765
159.102320376933,177.844298897
232.41562308245886,234.350048992
218.675102731944,228.182264033
238.64973888447602,242.32264143
226.561390013843,224.805336889
230.195573889977,236.884281877
228.83018970637798,231.571673941
233.536145676185,236.741383607
205.599517443092,210.180789704
217.576901290014,218.318269989
174.629391889982,186.72885469
188.841036861667,190.993701796
199.504454363987,203.232043971
196.059123800359,194.902941603
173.134377771916,192.763233135
225.85784587683202,230.373010389
199.844374820393,217.667802286
279.596480550617,265.488301397
176.944206385895,182.405452969
174.91677864356498,180.556059522
187.017539671843,199.048267003
225.027145383876,223.56145483
200.05124338832198,202.420067214
187.430088945825,198.993722207
215.648355005779,218.010913595
185.82347793059105,194.538229531
231.348226861682,229.930209283
260.22440455171903,254.129098931
190.902796895415,205.327970543
207.81816149751305,206.751887046
181.31147707384,184.638608615
237.06012467058,229.92060116
254.69771713600497,254.472642015
200.466554402243,188.705695819
190.696581901612,208.896632037
173.968964569048,189.099840417
161.61456255081302,167.316181141
176.632024499033,179.824553194
232.385310025919,235.669390519
205.837298350412,222.735650084
249.92844164959598,249.14123112
168.48149166567,176.083263282
179.837103130199,183.101920425
231.45947674113202,243.355932648
248.42175441407397,251.91627813
227.800752386429,230.6257368
167.024892710706,194.827224036
195.80776305074403,207.832016209
205.961187479985,211.581851707
185.275277335403,200.023490314
194.950188387038,206.564403608
223.08710836256,232.818705974
199.822795184607,210.590305153
202.384935889567,203.545857188
208.71771619228699,216.003397078
200.68812103282104,202.815619154
199.63423307247,203.28179199
174.536862159006,176.822912527
226.559322176002,242.705282157
281.612016120021,264.225464348
241.235106532498,239.065614071
188.67847651505002,187.82474804
210.36451443202301,218.259754765
194.53752264332687,209.653012782
193.961761025421,191.124134124
253.957875540014,243.27018614
237.92371548124802,232.812029673
208.262331017129,205.444130132
204.390063824543,217.534574855
251.655884514664,250.624210802
209.489209463219,212.179969788
155.649978165787,167.279122254
185.09308254206903,189.489673827
243.95548814208001,234.613885008
285.242964791307,264.119630279
197.24515993118197,202.516744422
203.15808002671105,204.413441253
174.625255905784,182.143220177
253.212403920246,261.337372643
178.682279342263,184.597315972
225.715089859221,210.917528212
191.06752793680096,189.95709529
201.26289971966702,219.368328239
201.860929073709,212.963254123
211.255362791778,213.58647814
184.254201132442,190.151111616
203.298510517772,202.970564067
258.991594318519,265.50066889
201.700693027737,207.004787449
205.95892202719799,199.976582128
172.766635506883,186.421751752
272.745381393069,262.923890023
194.281357580045,197.173037583
186.96595323018397,183.815060087
165.59653785558902,175.527230566
195.495095829346,208.330086527
176.487748326176,183.328103158
236.28074295439603,244.305167956
238.10672476177,234.082905318
186.555978304266,187.525179308
187.908366257128,191.845073455
174.967158187667,196.7532923
195.902248503478,210.303462381
222.358171517971,235.668892072
218.36252679952,238.40295928
141.05698354849702,160.792020634
180.009330607197,193.22024675
