220.663410991591,236.162940082
185.978592171522,192.287954106
242.410412508023,240.701066302
187.258597425516,192.738489269
199.54117086373,210.630227013
190.172705445052,189.969832458
241.360236330812,245.137933002
200.978253373357,208.350736827
153.938408390406,160.792030757
228.559170445811,224.416328326
174.41939101995098,174.554616801
180.351838309445,197.324916117
164.076081930426,168.936089642
216.428245705099,224.62266166
226.52893122618,220.404366737
249.118463742793,235.112795143
204.19117371266103,215.728728668
242.94684146728,236.750920023
241.20349055435287,241.05161345
178.62770747288997,183.978220702
198.940922486759,201.077017397
268.11608227004797,254.714339406
203.60603620771,215.220355924
199.06003356264,204.508047463
223.838753511496,231.684541027
143.477350823922,162.066880256
264.76748691612005,253.525345653
193.848481607533,202.559744331
184.03026049335202,189.900359152
200.19230529853803,204.904884425
226.701686240989,232.500252621
179.16452305248,197.682490135
297.919683424413,270.968698506
274.299630594587,258.011257258
252.04621077947,244.513727528
191.37735647277802,200.468649471
191.09436556938098,199.720457649
199.07486197581403,203.448114774
226.88723289039902,236.638097066
212.835104968372,221.707293015
209.63896318709203,216.114745956
194.75816901629798,203.583928608
213.598291369828,221.863700935
190.424415734296,193.869529486
182.91306520786998,193.649837368
239.83158198332995,237.077885127
210.45977800856002,206.447920234
228.192314494228,235.808377761
239.845288474008,230.220125264
225.406414492225,235.87798579
226.781121237125,228.786091263
209.388696744241,219.888930006
120.77038629451,131.678624391
161.510785161678,181.654337827
198.15625104957687,200.591661797
225.756187789063,235.442427988
167.959296104563,170.23615629
217.56586317305698,211.763552517
248.17532548877705,240.877289493
197.665206681557,193.096769496
206.549952183132,219.688996949
202.57695686468998,205.317482087
184.539882975406,192.328764286
219.155765511158,223.046271974
201.58179092226,204.247329891
193.506161455492,210.094107789
176.377132637148,178.411455283
205.237663685169,223.8061438
201.955116735797,208.651257218
260.561120612233,254.453872869
212.002313972139,209.760534526
161.004298419305,176.819462746
207.783051887773,215.641493063
277.513927460394,274.852546622
278.423647233336,258.610337808
195.961678227714,193.733054426
224.223994663456,218.311943067
219.60867719474098,224.045178433
206.89051797561797,215.535337227
176.437548994591,172.528610177
183.473832951842,183.499298221
168.94418064689302,185.165561059
201.52722716075598,209.859719411
239.05560398604496,235.600446076
167.078825669674,179.771869274
212.602615981694,219.034761006
147.345953783628,173.995562523
226.37972724775798,216.512592043
167.670926959164,186.891995943
310.296837337397,282.932769654
184.979010393969,191.405599214
245.30483457495205,233.514882345
164.169569864063,181.491578075
188.517092007369,214.384845302
234.91941566518105,230.519167146
210.755200567417,215.687146506
191.98394299033401,209.551816391
197.922276449697,203.919244364
163.610153738712,169.029855606
225.12448398886104,228.903350838
207.39366728502603,208.348573296
175.168702556527,176.431490424
201.10385822574798,201.273797785
194.367566420867,205.092122399
209.24971475269797,219.041532367
302.544996836172,287.481156072
246.53991565746497,250.063590038
240.467531852598,239.66608838
199.49883025402698,199.358116091
205.682740128358,196.893349371
267.80290599195,267.299340809
203.368635410952,212.899706847
199.503696211727,230.589210825
217.58214726019798,224.527364277
183.67319091656398,187.628621153
159.32604675557698,173.480407033
188.905933000503,196.687391398
173.102845976355,170.98800481
177.082921067565,170.374450226
180.726496234179,184.086098256
207.47517578134202,213.149657298
179.68207526587796,198.309654804
194.55288600428003,198.900024948
187.210338518887,192.958204288
178.295578141471,178.907360252
249.315692069015,247.331797103
230.15521651444197,242.865162972
209.04483597483502,215.803505059
187.129386679968,206.470918702
261.982289011106,251.49238983
183.59957720248298,193.93161392
182.132060046222,197.36846797
186.776102133992,191.59351176
209.96612892269403,214.314127416
189.76721375771302,192.322440246
193.484977756581,202.923834005
181.87182598739798,185.744819802
252.59650111166303,230.567320283
214.64275496803,220.31390859
156.095165475521,177.907488305
198.766930470652,208.977136564
178.380950252839,196.059602677
178.40819309278,183.77226672
202.047574784501,205.823171008
212.933541446949,212.165670843
234.065407858982,233.221559825
207.81628089143,207.020292194
183.30743856014197,195.767253932
125.577123131434,139.446635649
185.716483788134,184.219272863
203.314853879324,202.571808228
184.629823521571,190.668782678
201.050672504838,200.95277468
231.98399461322398,233.01988565
259.015988337204,258.407187181
183.571100808589,187.438952174
206.05324186138301,215.03776788
230.044729512774,231.275952542
235.240620711655,241.521977342
184.648690880426,192.578752059
185.875944042374,185.37620723
225.37288067412499,225.741970342
195.861105701742,198.197485738
196.994480404697,219.230885689
124.996318486662,147.457921046
205.85243237568,203.263158851
230.093798784841,229.233052881
187.414655706348,195.150811162
209.4101651984,210.330120266
155.455586354963,173.524869526
174.41462607367,177.603669289
223.02070911276903,234.970795845
213.082988254733,223.76763632
191.041798495262,200.948856381
170.272981639627,175.34007798
166.838391617511,168.020656509
184.69034808196704,192.437779984
148.818330554105,158.215316945
246.204615545216,239.673280488
222.818986352958,225.708466664
187.37518113502887,186.883569861
197.77013472085,197.048933905
188.870898224381,190.767415951
205.68581914244496,208.845747594
184.001683549133,186.077926704
205.657450632805,200.299632626
194.60559384473,205.76004265
179.92216035640098,186.200347988
248.893202816894,239.453272099
202.02067292729,213.386762434
241.617704437925,232.159866897
203.17057921656001,201.232581261
229.34422408290905,236.885338567
212.72181320873,213.460606115
244.69998516180198,241.183173622
241.26327720219,238.431932705
221.78574222361303,219.762307465
198.39223752167197,208.736836232
181.890225540073,216.442275244
190.458532286716,194.815102377
218.820143798849,219.830356695
205.02476578033,218.111091062
227.54659460352696,229.37626775
169.593269312856,178.996158072
192.94612840172297,197.930767956
224.567548812525,224.559915627
167.238103601133,171.893105882
216.752235199106,212.862350886
219.885362815521,219.088115534
181.08086591284905,180.061999493
205.38235614299,217.928599626
237.357310064399,238.422632597
205.324583263937,221.439284037
194.056796068411,206.120342857
189.764058616946,212.666187391
192.04772989364702,207.870906941
190.391881489921,212.440618705
190.149699818416,207.398039209
256.721742332848,250.76682193
166.963882635953,176.738433086
179.383488089787,201.110511879
160.142129317516,195.789650423
215.298656577337,215.128810734
215.390134759734,218.27806594
187.424132669121,203.10993664
218.93457632715496,219.783619311
201.945910162795,203.509699422
204.58875652721,216.432653211
272.847615792996,250.646830588
169.70146180853598,174.654461413
216.021216581441,212.232328995
175.75526994860698,175.156105305
186.21820801635502,188.019646517
275.989348654889,274.859695058
184.144479302755,205.540972767
207.46300548708302,205.310015489
199.93621505135502,206.786213775
179.574071573554,187.803954641
227.930783940935,265.441543458
211.101284807351,223.242423547
207.976893631665,216.049791507
230.570904608493,252.216925854
180.007898035794,189.912319407
221.394260045186,222.737296937
226.936356455227,229.019654695
191.64336272288799,191.996626645
241.174515688932,229.600984093
186.177142822898,186.849324488
178.79141010606205,192.949138883
204.423122316158,219.317876141
177.675871800958,189.150892309
164.624915868982,171.969883909
215.429941011031,226.162823809
261.107808494002,280.207974276
193.696499459714,195.786683379
200.152951148527,207.165563145
211.006942941073,220.001066844
214.46687852042703,211.536336986
205.06474182199287,211.463987868
221.68639523984402,230.874432435
250.65278455504398,234.598918107
213.469683641029,214.214835462
209.042654385568,213.674029969
238.494072387599,234.456955662
190.144922588742,203.073883396
188.695130641365,203.122822341
149.697472336751,157.267656085
159.363066611498,170.258606167
149.107446653038,152.327799572
202.27116857392897,213.411347342
213.597419434596,221.483988822
194.926220126416,205.287168597
197.899306057051,205.732176009
156.594140431247,175.013286733
224.00213291348496,230.188296038
194.63588204950298,200.328626961
207.06857922190602,212.697629684
200.501568431012,209.661647278
222.261208798852,253.111968721
206.113823105138,201.675812152
185.907504610654,187.299712692
177.320565758804,190.684594136
206.999477370131,216.275591462
213.95195230986,225.69023218
176.98385717106004,179.585763783
193.355371707505,201.211643251
194.18450877400696,204.247732547
190.983995988022,193.433586482
177.599803527048,178.706191528
247.885642063721,239.617485167
228.383305421394,237.993369946
134.764702971849,144.370934505
239.03482248409802,225.524700979
305.925684998956,270.826559367
174.615475024695,182.065617149
216.08870561491298,221.729643669
233.745210314794,229.309188279
201.49193806703602,199.730234058
161.707967647344,178.049675538
198.150476557889,200.265655488
190.36727053573398,203.300619648
260.58904159276,254.71417104
135.763026632467,147.611178952
203.71762082339802,209.774013729
217.659645482602,213.831334614
227.48900775853298,233.392848139
189.675023926547,208.734829614
205.20026275536893,217.408256713
188.377658135673,187.197432083
192.063826384444,192.420226903
195.647356557626,196.912642733
259.822215587823,253.870129822
243.039665795614,246.219884529
183.795662440433,198.417339092
261.346671267614,257.843998279
202.376349729282,214.847634496
234.541909173261,236.450212015
195.14244421893503,193.559576958
203.978249045456,216.974307893
216.395043152237,225.223989831
213.01357255259202,217.749714465
182.21042389765304,185.303029801
196.084568440309,204.749521775
265.80085828402804,250.760794588
175.808657844735,191.540870906
221.187683180985,217.842466754
212.594055581651,212.739693765
190.714064713452,190.057012709
233.918101674854,232.705863152
197.253865144198,211.98945134
249.527817086068,271.257225162
294.702215754526,289.198777395
198.05256389471901,202.898502163
219.831447186725,227.442880697
248.20098456949,241.120786248
245.28679357259887,244.053631049
249.42563872572399,242.179656782
172.900888754019,182.137439307
159.55545898156998,178.258631187
205.918363887553,208.47784802
205.181750530248,208.536876122
196.714802790798,195.047357515
229.634406508149,230.003455003
83.46910053261509,102.26207426
204.115702180905,215.632112748
226.826168599622,224.252912583
168.613223292888,188.060793916
208.464822777344,238.345143908
176.937727600437,186.604442041
199.244752417714,210.373895146
179.996912259889,184.384094614
187.587726714673,189.7481482
272.566932164997,265.790598124
225.42082116383,233.828646594
223.78028946047002,226.550883603
200.383885656696,207.110481169
201.628036637262,205.320177077
220.433525551093,218.153611469
206.485145555603,212.435682702
205.63044283023999,208.662035512
193.324021073509,203.734934132
190.382567099579,188.833559765
214.861694590647,216.251682871
215.800135023189,218.29339404
173.564989279598,183.754193545
318.391222549412,289.47553199
161.85359629926202,165.949693591
184.844536909446,182.19008103
238.48234223473,241.915888476
187.022318649849,183.992553361
213.239651295593,210.699071236
209.95997132654202,209.244417326
186.53159513391202,194.093397873
158.637109615935,186.694420729
212.594055581651,212.739693765
194.917424328613,210.386068559
212.198355948018,209.168533716
186.333588162429,187.058808081
207.995637790855,229.247253811
247.90889374454,241.767869623
250.546259045864,246.943734358
201.422758544915,204.436068692
198.34590473417998,210.961730362
150.681052557577,174.965484328
254.195488439803,258.816483613
208.515977468444,204.512271724
207.51088671967602,207.274985596
199.854144860741,204.272663136
217.55961611248298,214.179413908
175.251321612215,189.374967457
198.409471100818,205.296048958
221.791408680906,226.613678139
179.700111800717,184.882751809
172.08047948047505,177.333698055
232.98851774724602,231.815384378
186.28816788154487,190.888426301
223.98178653818803,225.934706256
196.18415131549702,200.337411239
198.35888599493998,195.290175007
191.18850154071487,188.22953093
217.74956560486,228.261105786
197.87342605785,192.109434167
172.133637605503,174.082173743
217.967856441914,219.238627999
192.68572307736198,207.877908297
210.230153568777,202.122848389
217.67816427645,217.017178212
204.06677240115602,204.349895332
242.681143860404,244.110812146
237.97442292235198,248.257731002
164.356224569963,164.761263673
185.52028736136,182.604779237
162.199727254475,170.570520135
174.893783508616,175.900171537
163.475155531028,167.803656376
217.347626769364,214.678874124
170.768176315606,185.815984191
205.26663417963402,206.075056518
254.079986260693,233.902902887
227.036730654333,225.576658523
180.589350085429,170.053489773
205.66156036677899,211.699232314
262.325252616957,245.121223052
192.957143746077,199.642375828
197.229402842327,210.054264774
158.666102949804,190.862502776
175.95813651663997,174.104532153
199.48187494339905,201.711682093
263.862434461213,259.306617842
190.096293255499,192.055264396
228.600613257713,229.54699845
214.977087777821,220.707777747
180.958934995257,193.563258435
206.65570759196999,215.362170741
239.751588988106,235.522430615
129.448290301751,145.235584904
246.980773490429,235.995577584
225.43048727386798,228.513070969
267.22503171988603,266.192348261
211.82485207722087,206.569551824
229.131396382921,227.882384816
187.207089834361,189.01173596
188.25328341314602,199.766186237
198.237922993792,213.090046383
204.357144269006,212.326134516
146.980999998856,157.394474984
270.851356015229,266.640975106
181.29203294573998,194.966263648
215.979159871254,223.910190994
226.35701293148998,230.001425028
246.25968052575402,252.580947943
245.152083475192,240.882981528
236.45048498264802,225.994616798
221.838638502918,238.394479543
236.540267802425,238.375010823
182.069292483404,207.72179512
203.77398618490002,212.446269868
248.319608784585,249.079377697
215.08181037381402,227.579609126
241.55196636695086,263.802240195
206.457720348956,209.41381065
185.113778206111,200.699627761
231.63228774945,237.928151029
231.619532806772,242.990753418
204.816814832245,222.307539467
204.385950738201,216.100823639
192.76555158118,196.438423982
228.08834619036202,233.218103677
189.875214841749,198.683364677
188.659016481115,198.721828963
210.879568582444,219.096738727
160.066996012021,174.409261118
184.81295885567002,201.213385429
171.78955943274,186.520546616
161.292574033618,188.714045962
190.485749440919,199.83253642
158.603195489728,160.433722902
166.755329714742,180.353692819
155.65668915337,177.310660176
113.259718865305,129.241048041
178.398091171684,189.644650161
190.438433962063,198.66614425
157.509257850155,166.788643571
211.257463088972,214.356764383
212.315658546372,220.428129667
198.142346397681,206.579108204
155.48860808462499,171.191664713
147.527217982202,166.251537845
148.413371582874,162.645280588
142.306390123806,153.621940484
210.589507003988,205.874771867
160.445388139525,175.77645031
187.007634593719,207.115734773
180.624875497975,188.982013093
185.929121086542,202.461237815
194.505859877677,200.98154656
193.254162652108,208.706807996
216.12286017595002,226.61847161
193.568845000402,213.738485111
214.672273451412,220.851221814
214.59044147345298,211.588748993
220.01143931106705,222.539370314
239.839641095381,249.033963402
212.038493623713,202.890782274
229.639602162714,227.933992153
191.408255018412,193.289827027
253.548098958353,240.653254921
236.139821712276,228.283425443
213.04088373379398,219.073896469
187.725691233096,192.843625271
180.000745151604,196.564407442
193.96827940494,202.999606946
250.836605475174,242.094448729
223.946874287246,229.487657136
181.759020494076,194.795160792
226.148535044678,221.326249347
267.645986940758,281.73645085
212.435107337887,214.731258313
213.888297311731,220.178603696
199.30122980765702,202.066644051
180.13663444952599,198.562687111
189.130136067267,193.109688507
163.59535031477898,171.363523376
181.33293398946304,185.836054128
208.61802842589802,211.652239375
242.57585161028086,238.058219499
188.82896037741298,192.737801941
178.40871066085603,193.766974564
206.638862901338,215.781158892
239.532394965136,225.996584361
152.48575080317,160.329505525
206.383597901612,208.676764804
174.232843146622,185.46877601
174.707337439724,184.770492697
134.80926565757602,146.254217959
182.336544564528,180.458094888
185.271993235809,195.447009149
188.980758215752,191.290333524
190.900458659981,206.317956587
227.80459877244598,231.767629608
176.552174185085,195.324417198
208.645917597103,215.167411287
186.34099799952202,192.32885728
193.81344456688,209.922049591
234.88377059245,234.126470945
211.81048784730203,215.318695337
200.696411266259,209.050995626
177.440540152881,185.370386084
188.211448366902,185.444086694
186.311402226483,198.715031225
197.469704096067,209.299335164
211.387800814316,206.514976472
185.629312698818,190.194493508
194.52013167750096,196.390645737
264.82335493097696,252.748979864
173.018787801341,173.854697932
169.540367073819,175.182124369
253.482480879632,235.224778562
197.654523250419,200.596436152
203.97240147552398,209.033227667
176.567891542619,178.92932154
224.1097334124,233.180683182
168.00703654513902,181.041164731
244.057959044476,240.121439942
209.83675415875598,205.24956649
206.892801703961,214.687803745
143.304439335003,161.088229651
166.678353778802,167.549769281
202.880422987075,213.557227332
191.78115265501486,192.976395285
201.406370611717,228.54364303
236.24508036517102,234.436164949
158.70216420131501,167.720387465
72.9912030410607,93.2508349442
211.053306383089,211.770736839
230.39276839382904,233.815572148
282.199457935256,265.620527278
221.210860711598,208.657997013
203.783653599706,211.159624264
190.943548807523,219.772199891
175.101835253568,194.585355698
229.34479977256302,227.684877701
221.09127775682597,220.385155864
164.344515474478,173.151427947
190.700476695169,194.52745751
239.62975475858502,230.486846542
239.809967561339,250.768460121
242.44311580251,240.566077919
251.045416955965,249.221377497
245.39392732462397,246.996369182
229.72342704817402,227.891043026
189.551852674569,186.785549226
202.116844135769,207.650810363
244.70527813143997,246.289481622
146.21014293312402,155.805779608
226.72823642541002,229.570070839
246.426973215199,245.543185602
236.282902591567,241.025447921
211.285398665336,212.54144617
202.897993603764,216.674201614
212.95481208153998,224.189176445
162.001994017213,175.397641238
225.880065518659,238.611959921
243.779129046879,241.187581674
253.727898667333,250.358902888
134.77406343772,150.78298699
193.597377171517,203.861636949
178.238143116935,183.055478684
228.791360442129,232.059162851
228.38381227471402,239.957949545
218.61872570840302,213.371704199
188.13329716916698,198.313136759
238.537926000587,232.310893734
192.230929265634,203.277310368
206.858118080092,209.073399608
199.56203469242297,208.379244608
192.334666944053,195.713675083
231.91825624834087,229.295286136
233.27359558240897,231.194840175
172.317745557757,195.015344192
175.79038523390201,189.741086945
204.9421865039,210.352174007
259.61560195613,260.42564836
185.53515578845798,187.423950385
182.090222000319,183.642287171
195.37955494082686,186.514020187
168.487845968668,176.642490333
160.856326210617,172.729594818
180.321428760722,182.556661381
192.00751299229802,193.047270955
184.27612911901798,184.859476424
239.310466330368,241.285726208
237.684493700948,233.588927435
230.732614082498,228.195575769
209.00477100425599,219.282572919
186.66497964152302,194.772110263
219.604684118001,226.644769669
214.852865006147,217.507730199
175.604677785027,188.361425766
210.01647459480301,214.67149145
276.573731450232,271.25224778
183.3970742447,195.066378035
232.85139410374904,227.57525173
227.646274757229,229.582998357
190.565585908766,201.867885699
206.93267904210398,207.522988349
213.870060523156,218.542781888
188.69063067395803,184.999794819
217.921112451409,230.56837655
197.918846547468,215.65032227
206.470939894851,207.121494561
258.778120869603,255.51716383
231.02657234960705,239.227186526
228.464901065201,223.394892811
203.167650057092,219.7996251
179.983594321114,191.024471141
149.452023870371,171.745057093
200.624043280064,201.739417506
197.076571259138,198.88369885
235.648612919935,241.852316116
213.20052335920897,221.758229611
220.791189126832,219.841537558
157.66946165056498,175.78683668
232.73180050135898,233.511706825
220.34142181840699,226.838682332
240.676314963282,241.221887372
227.307317550342,224.231700888
232.53085272553002,235.747123218
227.50598560356002,230.527176773
235.86921796378502,235.843991019
203.259468971905,208.997905488
218.39402651460887,217.648933145
176.020876778164,185.178831866
188.602466793338,190.302648123
200.609734241862,202.400616497
196.449396920448,194.429690945
173.76064850823997,190.412077429
228.181332005338,229.18496245
200.090081897589,215.536257885
290.572172599648,266.084581933
174.422335077934,181.404701098
176.67844891259205,179.61365401
188.25757254543493,197.491805164
224.255434260808,222.970432625
200.16926156102696,201.830217004
187.920178576009,197.51778528
218.406129701678,217.252851319
184.071748849314,193.230609086
232.330209396237,229.508233157
259.963878763296,253.837752506
193.55487384461202,203.628994539
207.916780534983,206.225603325
180.967660090311,183.759196149
235.403783733403,229.835369841
257.721453905802,253.961562662
200.60520392672905,189.17662542
187.54036163576998,206.668932096
172.37436418079,187.165970923
162.582572237558,166.387266598
174.82368581320804,178.963763696
231.16704804336,234.680215957
207.079313336966,220.801867163
242.78980891452701,248.353616132
166.505803774306,174.956439678
178.48378315120098,182.261525264
232.684198441799,241.628146346
246.99833003880403,250.829600825
228.572932390727,229.597975476
165.32675983448098,191.88791914
198.34017418038601,206.140240094
207.76280297798198,210.521170689
183.461072103737,198.126757358
197.37411312716202,204.78705688
224.601641434493,231.332457627
199.654204755382,209.068984603
204.479958060957,202.863299721
203.890750630353,214.734736478
202.82464376077,202.119505785
199.83198392142899,202.403429044
175.23920592285995,176.269922195
230.96760828104598,240.722198226
283.590126709765,264.928418514
241.062364751156,238.425977838
187.70698707528197,187.330073439
212.53428691315102,217.00620748
195.153501365489,207.820146674
194.55171127694803,190.849183307
253.25192600991002,243.398188812
239.221421180273,232.582552402
208.10876317694002,205.099594772
202.495028616846,215.863656718
252.480305399213,250.045244062
216.414709072869,211.361434752
156.31091249368,165.802386085
185.399018076829,188.615866107
243.07479453285703,234.716567841
289.423427115082,265.240233679
197.6200354642,201.408743061
205.21154341156898,203.775902349
175.295601663052,181.047233937
254.464703771792,259.991703428
178.820210021211,183.521022972
227.04479522285598,211.535405636
191.040265770652,189.612064259
198.233073749353,217.128821063
204.32627434851398,211.41998131
212.594055581651,212.739693765
184.142595113716,189.09148122
202.720763436745,202.436278187
264.044927772831,264.436541378
198.907487749558,205.841037999
204.305481549813,199.895994348
174.707337439724,184.770492697
275.72524879957,262.849329205
196.88063293015702,196.345136477
189.17401522174802,183.577191034
164.514919214698,174.195615404
196.60473224606997,206.740187359
173.473173939622,182.02413019
236.75529562983502,242.933422077
236.94224427480702,233.679825918
187.93284789023997,186.91014835
189.081054987256,190.95111721
173.998364821553,194.275868455
198.87206648690102,208.581075249
222.649928622502,233.841221319
219.918868101078,236.258961299
139.831192150179,158.29503438
177.565872606524,191.503632144
