213.036297461636,211.105251812
267.65726299032,263.885990971
172.248834702883,180.367574318
192.883491611372,189.468476897
166.505803774306,174.956439678
198.704956600709,218.087168443
188.14064818151698,196.53087627
230.204248975744,233.286697506
209.604425819406,215.18614775
201.188915284861,204.906931
162.24260979951,190.423012746
166.670793719415,168.111782931
193.90801189833,205.490398233
196.38915853071202,210.49571606
196.43984819032903,204.937471959
236.49660539802102,228.628821262
120.551151596054,154.44751077
120.551151596054,154.44751077
264.136769716095,269.017513082
175.907650431184,182.205153528
190.785729060537,204.125749755
171.56723651071698,176.480385149
191.468558349002,198.388168191
197.929713637303,209.485986218
190.817335273766,190.908037327
207.07791408791698,222.288533959
200.944280867273,208.908425039
205.093382436009,219.756268566
252.334744549056,244.082375571
195.990925596751,200.338425167
168.090608331471,196.140428447
183.066702278616,194.710608303
209.190411201377,210.994868512
187.607398639458,196.270539946
214.133780342957,210.13213995
191.277010386692,193.759694114
215.98195119742402,219.632063841
197.99973478332902,220.48434078
193.61777110702099,197.257114416
210.193964992085,210.387616931
162.838193197465,173.410250239
183.766901075126,200.15143588
155.13265211666,163.050927767
193.474988985067,190.793478014
228.034910883378,224.65152782
166.505803774306,174.956439678
123.02731973122101,138.25411583
213.784153591848,222.662480502
169.64942328450198,181.079417583
218.7203036914,224.952048865
240.673411158329,240.689080438
200.451655460323,208.832150213
211.10105806246602,213.702453874
155.402763512501,174.763093965
207.02003799156398,222.670614865
185.79729241471802,185.313782033
199.125713336897,200.042161282
242.283029415547,241.865213136
234.11983717380798,230.170832993
227.457638759502,231.882112584
219.66908174035,218.699472879
233.15758115474497,236.688417955
244.811923219448,249.448528302
213.39079990016998,235.137197504
198.244650836818,206.85298076
234.927915319056,229.833378902
214.924569272334,213.1887876
179.39561711565497,179.187399528
203.779499736124,206.259411464
174.107204074375,182.433313129
230.86238311867697,238.705275169
192.10938508243402,193.419336119
257.88621694542996,244.749739745
197.524216182603,190.792091867
263.55361000600203,255.403485738
247.387441268888,248.919221049
200.972648358438,206.283216795
233.76419976095698,236.552497684
250.777132233598,285.509519738
191.965600880912,212.584670732
217.180072136344,217.840470551
188.369966023872,184.197036054
139.549862810783,149.973994713
176.41776304389998,175.341930144
193.353330720002,205.06247566
206.020789094671,205.88304962
256.428685953475,252.687877179
184.20584547608996,192.07826486
187.674756664143,198.667736513
236.939435979712,228.565935225
229.772047219805,224.461488219
221.75526321253702,223.380370044
187.250339171227,193.487543231
209.225333923324,209.340102015
196.106959838361,196.264165747
227.567403887579,236.050190659
230.790494678395,230.565274636
257.53605645244704,248.50683081
219.35971916091302,217.687613976
217.524656262534,228.530972971
195.48134751613202,200.864639055
169.16923204484,166.086066994
217.379831875634,225.144691067
232.649353074436,236.289608069
179.69566676309898,183.519068272
163.515944023119,184.241469509
200.01389430966597,195.496594221
221.934865544404,213.787997412
185.637357381063,194.20632292
204.90534516744202,218.06850863
270.119391083582,264.587303154
218.678288985232,226.047037203
203.589974125342,206.112978741
260.41587695374403,252.602480206
219.121884316092,223.644415226
202.925636398885,213.900001103
199.22076040162898,197.274606967
185.87372036603,187.055331518
180.59578768411097,185.099773255
187.26480695919201,197.081489735
169.166756694106,195.98460947
202.122967701088,215.584086297
186.90808070530701,202.461310656
185.883432473527,202.523939259
165.519335964491,177.256974021
226.66803926785198,231.376420471
224.748435382286,240.885156509
226.619833166823,235.044598413
241.575546339493,239.229377655
278.483836009842,270.096755112
206.87325986016998,220.885002265
209.35270131016702,207.67401446
119.518230002562,127.570635936
167.958737589681,171.24306239
195.262176901941,203.194036567
227.875960395079,226.748821418
205.837793340205,214.42392457
128.216199738388,143.748863942
208.712180005532,219.108829582
224.408005041956,227.126598656
213.82888726883,217.914814656
180.639378312647,184.255067919
156.282730724846,170.459310505
280.070053092885,273.449324158
223.009838894865,223.14103836
168.42105566973,174.193827626
204.627171641273,204.808182467
200.187761461339,204.07721636
161.575519399088,167.40091683
213.87819311860198,211.789101393
203.42733894197102,218.295564023
180.05791009738098,188.641010386
166.505803774306,174.956439678
199.951200218749,199.462263204
209.31157320567502,206.838134613
201.033715769448,203.212996012
194.76845901704,194.893174786
236.62374440351002,242.069497008
225.94083429196098,226.867263519
263.35414724133096,252.584320832
234.981118497234,239.191041343
222.199396558005,222.392483999
202.189621842018,208.08113679
234.885525064608,241.455343199
309.426857391246,277.996814782
253.42073180963501,244.769541784
155.492114332711,163.068089929
203.352315482636,207.979861616
200.14711022128898,202.419038995
202.033329930532,212.349407311
199.51785325967603,205.234947596
177.35184076432898,205.321575993
173.069959769072,173.549041768
214.996934923534,223.107224279
189.081959880972,202.133014655
166.505803774306,174.956439678
179.785728189855,194.314025357
187.331473211948,189.875183782
186.030162936415,187.904936355
190.168579204599,204.287982405
244.222189645539,252.49000404
208.585949087327,205.167855011
193.298754661854,212.531066458
175.69337080475898,183.306086101
180.49375629279203,186.289533804
205.37061431453202,220.869828773
208.92906738779598,211.428500044
234.52235034564097,242.297859376
187.48886255129398,198.34270427
200.01807731964905,203.206210968
258.377398576648,248.817554803
159.95743804858,169.653455982
197.566367035462,213.104793303
205.895127448344,204.674504253
241.901795159371,229.899996471
197.817710790832,207.467324143
246.940615996735,242.032273108
202.024672606067,202.78525727
237.042207712696,228.478334751
224.607947259371,233.905590658
178.12650737812803,189.05290519
224.459336836375,236.57751986
245.665339379347,236.139811422
290.04298261271197,267.087855287
250.720925725252,252.204037427
167.994796513624,185.751354479
204.83210043415198,207.986376703
207.663140192419,205.651426146
202.70419648819697,218.563252068
145.871670677298,157.420240166
197.462774246604,204.527313368
208.252288333112,224.814791392
203.429247384552,212.149771648
194.02955383244702,211.946583117
225.96429063322898,241.738293796
191.459985212394,191.585988144
231.62817551724098,229.831409211
174.68348201184503,181.629865325
195.99172286879602,197.522344435
215.71113740761902,230.457841909
160.253130262485,176.846248482
163.874337228867,161.649509149
224.031050029747,227.441139616
206.939472003232,206.692285635
223.18899786631002,232.794246067
198.691684537778,199.168972206
222.73129272622,230.933840244
261.50350371648,249.102468347
211.468484136563,217.665920969
160.643054065624,170.905447213
194.758259273768,197.968658304
254.16341623617402,240.572145617
231.64575122815498,228.346189741
163.773564999367,169.190756069
225.27057189479598,220.241057469
260.07640172091703,254.332242927
205.743521294749,206.454420855
192.534387848495,204.567715691
146.283234842532,156.611271086
196.50249722083302,210.51138566
177.96820412528402,196.072689547
184.678960853922,196.336416331
223.839642093952,230.142992864
173.22399119564997,180.522639
164.87584983486,182.475457728
187.939007056133,191.420378481
148.63910376199,161.490387869
271.13101958119097,257.242169785
180.82548120629602,192.49984743
199.83972123562802,203.393094167
212.912519535865,229.44072372
185.70971199166198,198.28428156
196.05153354613498,214.097052015
182.928288202781,198.406116977
166.980524135183,178.317477694
226.50500529716302,237.200169554
212.644598215267,207.74610796
201.73354277033403,220.026764278
239.15609488063,242.823355685
237.782224236475,234.404863564
208.704437291449,200.303586797
191.0544676631,196.041085278
200.42135169903,208.740915798
216.835947894102,221.97090667
201.290677783909,211.717316683
229.19594710180303,227.160517944
172.898946003842,182.307295408
186.34646263175202,196.05167598
180.37360864710098,199.760763528
233.201522820321,233.985951038
174.35107160581,176.955654063
173.050379838494,179.706694573
259.72557933467203,255.708592873
239.58072408694198,236.517017829
192.371531424588,200.530085966
190.829742477597,200.903498205
205.605082640587,213.948742554
173.20017350566897,180.025604376
215.011825859078,227.492201495
239.843476438952,233.293427742
222.32112960297997,226.654930018
179.983594321114,191.024471141
213.429501845659,214.27126124
208.13020727251597,211.379179305
184.51405875497898,190.952847058
231.421225567382,232.063609008
204.254229330722,209.142785171
234.02197227455397,232.505818068
238.438291245971,235.952814072
204.126574504478,206.792770682
204.76942630714402,208.295711356
221.874566228002,225.306312313
212.44451434360298,219.450960121
228.024497701514,225.746939572
197.93435246192902,216.255681426
140.34180300713498,152.951712745
202.927181758513,207.183538988
187.51363072288,191.69062289
249.457736976239,244.843857898
211.74718302986,224.60692128
214.520044013366,222.712671923
272.655703351969,267.195693732
187.077500479609,196.211119698
197.554047998784,197.926360204
294.174805070872,277.964787396
222.792116370164,230.617224274
176.878775368573,192.560271797
179.40424862520803,189.279772916
143.913982538907,156.697545295
191.77286474935104,193.427655668
214.106889292469,212.510410999
212.88471618045398,206.443970445
242.960830579612,234.743147581
200.77874327330105,199.739806881
209.83878199369,211.33117451
174.387401760911,177.877726087
237.500073793875,235.952938903
136.185526451395,156.382741307
164.58919213271201,172.835266606
224.899422959734,223.251841473
244.222161899417,233.770514617
212.333712901138,217.980898212
222.777782245989,225.10897853
168.38201060581102,188.244833015
224.346918444977,213.599469548
243.07921683480703,242.719312346
247.38313719668,233.081726788
156.271974382404,159.072518153
183.182052821269,200.408510369
168.260216887568,187.170166899
204.465481510245,212.77861735
242.93318627971001,237.963741153
196.71043520777096,198.744304509
200.74091402346298,217.113200326
224.10233011058997,225.167338706
231.050064472634,231.160377452
202.45336161081403,215.950989883
203.91601586575686,209.945855483
223.925940037233,219.647067698
148.21088410611299,152.95305683
220.61843882611402,217.572357315
170.061516851626,172.066481147
249.413194964492,243.489983869
192.62207807182202,207.325329776
217.378709646074,213.126051291
237.863318097956,236.408647312
212.02272002030497,217.841331131
215.188397084569,217.61494639
225.600625320523,228.039272562
232.48207673717602,222.48066715
243.127445673134,234.115652595
216.613495000187,225.494014653
277.06654277221804,275.597618873
179.55723806062,193.001118834
260.525962483789,254.878491193
189.939980882412,196.418523344
163.823293362586,177.105888428
227.263372492943,223.606551024
214.91916063091202,207.624115456
160.565282785379,169.379407112
223.166912711988,234.965307127
174.532397989421,184.792188752
136.45856781305798,146.143253963
214.999365123228,226.651810687
249.732123831427,240.773880364
177.829652814543,185.395407108
235.96913528735803,232.647720354
272.98760954026,266.394415155
209.718878098448,212.371264758
192.37639106893903,203.84721494
197.86810582262,201.875957087
244.708314722096,239.499682256
198.23637485623001,215.587989542
207.361867474841,204.171850576
186.73926795571097,188.476528144
201.890729866959,203.964393324
183.01202173728905,179.882118253
192.466613023008,198.444023501
179.409953708391,184.37296834
204.939954968702,215.10981522
181.04895976920398,181.837930899
181.23216869798,188.51282575
239.561360529376,242.516323415
223.291228799269,221.03074651
218.336794620061,214.815743747
165.513395508151,185.259524579
217.54999970581102,218.73588753
250.353280534659,248.784521252
216.652113180147,224.710621217
205.168381087564,207.156232872
225.815229527751,235.34898153
202.594206685224,221.551784419
215.569587462196,218.245023612
177.22167927097001,175.725431469
219.918868101078,236.258961299
223.11130090134398,225.248438042
166.505803774306,174.956439678
199.68131380003,201.968028194
171.36725812446198,184.093265016
228.644732529193,235.268608223
179.31886927545202,189.602643255
230.88914481035198,219.837207113
166.798767309983,179.314852163
173.36297239985,179.530191298
220.663410991591,236.162940082
263.465452328235,263.075594043
206.505718017048,256.161000969
158.8880014973,166.175517324
237.877996748634,236.199652964
174.23555277894297,180.161963651
226.587906942174,232.505035803
153.611763917542,163.018828061
164.59165356263398,172.369519361
191.781978967665,197.058325571
177.257803481015,196.337888421
217.441384027446,238.28832478
222.817881462639,231.766800909
137.99212182576701,147.919430492
218.80690583579,223.18012524
174.161622288226,185.987596494
185.333640090052,188.622751561
189.45550050568298,198.751089552
187.136366552813,210.103940216
190.09353082759498,185.458295309
277.059691725251,264.385246548
160.72523787469999,167.748322341
196.44916777560903,215.1959983
200.516333306619,217.792432502
191.680918600915,211.059458968
221.347344380389,232.862884351
96.920842920018,116.720572085
242.836006203473,236.439516512
214.656100819552,218.07191742
282.928265842387,279.584484694
276.309830569814,260.952121618
185.081537759599,188.240769002
200.75669311076302,208.76477071
194.668126555552,192.846130232
208.045931711917,211.754916107
230.57821149184397,234.705982359
191.29006319073898,208.772024347
220.95632169286,218.04974963
161.181334567071,168.355392737
223.71912725959203,213.144235824
227.26915932805,223.955503998
168.815074261624,185.837614173
172.8434421069,176.343753663
156.326342274803,169.562326616
226.25789698907997,221.64991772
194.000840439986,193.156895828
195.207474514499,205.787411331
246.797905180682,247.254886147
174.39375906221198,178.105425626
184.43665723653496,188.306852804
239.478737534715,238.165273309
250.21629728994301,246.049192684
187.432470072943,188.710397209
168.19900944242,180.215239997
205.23611841527,220.113219723
243.117735144753,243.139900953
215.391851451184,215.757892022
188.414974578703,207.884327685
292.623721244845,255.571755163
246.36897355597802,241.257277387
175.41610585396901,189.201423147
245.63532180458802,247.193696314
226.472309296618,224.192373767
185.356104051933,204.542904319
166.753497822232,192.400418019
214.042725130047,224.656869848
194.29400812337897,196.429152489
205.14992237791,206.977360478
172.19407049763697,176.387860306
163.673853655698,173.895763247
199.605429887149,214.463839212
251.478739643882,238.143648681
192.614389862332,200.067313028
174.283569651862,177.360754907
172.260066951539,172.849673177
194.88414686705798,196.077386083
182.091466793906,194.70034162
232.426741990511,222.996418862
239.562432247002,240.116331845
184.085606471342,196.444005488
221.92302209525397,229.243879851
216.896875278558,215.331626598
223.95446237468101,225.803205208
231.38137227901402,244.830243878
154.454236433636,175.833314312
188.44663606641103,197.330726025
235.69930498311797,230.604043467
265.250975112236,250.261172327
203.611629267523,217.118106527
177.100274572688,195.778124165
182.31700724023602,182.706434518
184.353383838596,188.587140268
170.975680526914,183.533148979
166.034903025672,172.133100244
200.903165774786,206.22881409
187.89586022990898,190.118027
230.77026868166698,232.244332059
201.749615510051,206.095620182
250.943168733468,247.717774133
231.29184275404702,228.537310988
183.41198896525,189.583725968
150.754430937957,161.939966953
222.402110410465,224.599842494
222.161861997756,220.849859834
171.501823111595,180.726469113
237.030160519818,227.551630429
203.42853301887402,205.251953542
226.849671211112,222.551226984
215.364253230152,230.206897669
228.705909052333,230.976153646
164.867738916727,181.263153559
207.55675912605702,207.324109874
213.47367164949,223.146274616
226.272448274676,220.112889033
192.18144912524102,191.852104059
246.518251858273,245.957331377
200.499664315695,208.839021273
203.324958142958,214.326870087
197.811261718545,205.657386665
189.144385973527,195.461945579
218.84865729943505,228.075390419
177.989763303494,183.598156388
185.487242416635,199.348253293
146.79851393528,160.329390192
220.981864814827,235.976016095
155.78371096255302,180.091604527
213.674186793432,217.500024608
218.003886962944,212.003975562
192.17749576454898,207.604228543
223.051921177902,234.56036086
213.80059804006802,228.113011738
212.07544566985803,213.991827736
183.86064565245098,192.660210489
179.37572412370602,182.83654342
188.11527386464599,188.230579241
230.58995088841598,234.076856046
173.60072681619,180.183932044
157.153371375919,160.86523368
227.03166271199402,225.050265786
177.849860203675,196.956769641
188.291695108252,195.500843145
121.087349400359,139.057942571
189.058049282411,192.709970336
168.338343570673,179.469498548
169.709262992717,188.417580167
231.243633856446,228.844894065
247.263453130768,242.660368167
222.67924219574903,227.907964258
188.91496313460098,191.649666526
224.276967632599,223.392620517
179.683956008988,183.065326896
257.935528148641,238.387193149
185.374562732316,190.52510209
214.51918571779493,204.833584861
255.868529805696,254.304551766
187.855224240536,202.216024718
247.897327397029,239.955169667
197.399925366151,200.286281093
214.130976418771,206.321025675
210.26052325363997,208.559180554
187.046768270261,189.866841873
285.583482793187,261.883025145
187.222949125148,195.945227784
221.342151474546,219.611348757
177.371017789663,185.557323969
244.683441940176,241.346180711
183.73493069137,200.955805152
228.423943029387,234.524968178
142.263703786967,158.141120491
184.479399848646,190.838275717
167.525151458029,182.376963588
191.862716858029,196.670643178
194.702455746028,191.990394241
185.93053240227297,194.943147758
263.13350500815,252.459951157
232.937193782517,231.776004391
182.865708183182,196.572248982
242.521009878087,251.92196727
182.689891315602,183.879109452
199.02848990916303,216.939259371
187.73456331227501,201.095350254
242.204265917848,237.597320909
240.993652023912,242.795584337
159.382454109875,169.300876073
170.140315873159,172.188849005
245.462974894097,232.076161784
175.90339466903401,189.428291083
250.741086836253,252.750942826
142.05982372368098,149.537639299
189.87138793129398,209.519821413
306.260114007254,281.832659763
222.52000055211002,213.08373441
213.630490925135,223.265875576
198.600407147859,207.353788118
207.044383017338,202.542984887
181.26476564320402,203.489364662
207.561024464568,213.285107613
197.65537698104697,200.798199704
189.064148180017,200.666873183
183.031816731496,175.74990822
161.859945432873,167.040760233
163.31780675789102,169.811195115
174.56298852986902,182.368557864
149.444633979874,155.249516211
185.30556654959702,187.515823334
231.182474990051,230.93068689
226.085282846979,225.404583917
199.860133358089,205.714625446
186.141625243199,197.884613775
182.078748953853,200.831768015
181.676809512102,192.55731091
230.675396911435,227.990427922
186.064794616025,203.453560167
219.21759857986402,209.925863369
225.433761053184,236.085330171
183.035333133941,190.232699175
196.52834416698897,200.678657177
208.55755629050486,211.585636879
171.666107553675,181.99254526
229.815445014282,225.788218911
169.763438897686,182.522253479
200.007743268822,201.582612798
188.064890631549,211.063649419
200.488497190639,203.917997322
200.838261419552,217.700748663
114.144157082507,128.681504451
192.662288304133,191.092707022
240.112213850811,239.711135571
174.62649429292804,180.24831157
227.635848036917,230.018205297
226.903492993709,226.484948297
180.35976569735297,186.277125979
160.674974462804,167.620893422
177.465636341303,188.187785718
175.47050737022,182.385050521
174.707337439724,184.770492697
240.991603498264,235.788014878
203.01596962243198,204.47124952
223.937933191726,222.333139117
185.89926291516602,198.525187844
217.57381914663898,219.08185061
240.49960890814896,240.531208568
227.24780746922997,226.720867093
180.420934555202,190.853688692
176.654185358428,211.244335044
185.25289953123402,178.116487481
242.19366347911802,235.02443743
203.816978639062,216.946904651
270.884138807861,262.90010734
161.46616187523,187.016957605
197.623878502242,207.698025548
212.145183541133,211.979149681
196.710758517545,200.1628253
171.41424237221202,175.400601512
214.330003044184,222.875043057
241.292315644729,247.56638404
251.619097045607,259.71862271
178.672251839761,180.415430795
178.400818649079,183.356305756
176.012902292499,185.151372261
198.961185030817,212.975324125
156.442760746602,182.423976106
210.73691438228198,217.736566318
187.43375931930402,196.196550143
211.038364164749,217.367898227
182.35949327390702,191.285239391
187.148362968996,195.985558744
175.25241250119598,188.613947327
194.343390003524,206.018182633
212.950490122545,218.099033788
191.351301426033,194.061482102
179.13102335871102,182.086030886
202.874959566223,200.423380848
193.02423965051798,204.43781477
214.204573153574,209.651887755
222.995021964318,221.813536979
201.18992768286486,204.700027579
186.081971432442,183.826155482
207.68763350828098,210.89771302
200.162595700583,206.630163331
230.697973203619,219.61841344
213.95806661910197,215.215115653
261.616257834044,249.579619402
260.406856093613,253.999202091
209.777432111254,209.52478286
226.234186859679,222.897728756
253.060932207428,255.348611453
231.114855171273,240.739553541
248.728302778499,242.887476499
239.501675998801,241.577402284
215.27582070628296,228.290879448
236.31612163148202,242.431071677
243.260686210655,234.257283321
166.832897058735,172.031876006
187.73054204122798,190.315232237
192.59684369338402,197.937966257
213.792124148951,222.069600031
176.634732248143,185.944474895
183.800790502688,189.561204143
210.777465946023,214.805373454
207.24606515415687,213.862112611
184.06950700041,189.008969325
227.32743458622397,215.488492131
179.92057155054297,185.732516254
183.25950190249,188.608339855
182.53078016806802,194.917666906
194.22689064068803,200.998718777
163.610153738712,169.029855606
216.094932933637,216.918981598
200.31543770337,203.497049357
174.01079775095695,174.999606995
177.265437564542,196.126361027
219.42425657988701,230.317667184
194.472484821925,197.354180797
170.352978247381,171.090913085
226.59261885379902,217.657424886
182.845102324341,186.850745577
194.951789370723,185.643027432
189.038891411917,194.297398554
190.52495152187,199.223693136
196.88993643773898,210.557465467
180.386896178229,191.758342139
213.96692184740502,220.735349942
216.12300766525902,227.038116651
229.621072841175,240.833792287
235.871887080808,237.056309007
179.055868004063,186.645717341
181.10351856675499,199.523352517
234.56630790405498,233.695608097
212.594055581651,212.739693765
177.90710181444803,198.497259007
157.696725939358,169.97819652
156.367850588475,166.349410349
213.369475176743,205.191405244
195.383203425901,191.202769498
177.21948758602798,181.593086781
170.731523784455,187.892966907
191.46314518611,193.912444916
188.804298172988,186.843001286
179.761596340471,181.154949282
177.054950818196,188.463627548
206.233548199207,209.065568664
257.791482460603,237.23843041
202.580705941355,204.756876052
189.706484008751,218.754293678
203.624070737583,211.083757962
192.49095527236,197.950692098
207.243799181835,206.366723619
167.622994205997,174.80943339
302.372282535249,302.989034915
139.831192150179,158.29503438
142.210374401953,157.337680154
178.234238983654,183.511868134
158.210713084065,168.806243645
226.836418997923,227.466087702
222.27231081573998,220.390042111
242.39416765387998,234.984100364
231.721979175037,222.708781916
176.849996008895,180.182985267
217.500857915749,222.320338666
220.47803996432202,220.991919564
255.562028179405,247.892500935
213.444951493112,225.568381204
220.58379457560105,219.437212214
222.782566069864,233.970466788
