222.25978222178398,240.663461991
187.62311658476398,194.697263984
243.39560281437,241.577766436
185.24125219849603,195.293569775
202.917300047071,214.225617262
191.94860594658687,190.687439218
242.14240046041698,247.378810957
205.36593361583093,210.890142492
155.753584227596,162.786891981
230.51133475665,224.815704688
174.457383758009,175.790785091
185.15215574236998,201.450742052
164.242082011374,170.953617215
219.636408865507,227.089840358
226.59067562965302,220.983773844
249.79304575706902,233.98260491
208.338728720312,218.837629915
241.808520061556,237.409280641
243.218041702168,242.307848782
181.766442681982,185.685204387
197.68463217283698,202.527584344
272.394329694291,253.645345587
204.41762669858997,218.667637996
198.600523323388,207.081820896
228.315449649693,234.033964543
148.029963168655,166.263491593
262.345597314353,253.954132022
195.07306572217098,205.815139426
187.65236705829886,192.173882699
200.096558994819,207.391226673
232.152156887211,234.376098169
185.228526907035,201.673987264
295.602503853198,268.431123811
273.321853686769,256.77194458
248.217226487131,245.50472512
195.07796119073,203.253682617
194.933630842218,202.413057478
196.101316219226,206.09898945
227.362639739379,239.624944542
219.877518916376,223.995797794
211.910780066189,218.449026213
199.67603008494305,206.291595739
218.91874336502602,224.030301052
190.874190570905,196.183344788
186.23234678611698,196.90217163
240.72413072827004,238.182844621
210.50873265557598,207.065572278
228.694908914862,238.615486608
241.917090937663,229.730903221
226.63689593466802,239.790170698
228.062469182632,230.849130303
210.27733739623002,222.945201566
122.425105735165,134.832258086
168.15369362311,186.491016473
197.363293577897,202.330459058
228.84426715442902,238.437344707
166.586847574215,172.668421669
218.80299744800098,212.048118043
252.739875665331,240.539156394
197.06756279653302,193.543848979
209.025797204728,223.254508788
202.150855957508,207.138790097
185.237020171475,195.226796219
223.807831905907,224.99886701
202.34351039997898,206.372725331
195.78116174853,213.964984217
177.55347650543598,179.907432989
211.342834635335,227.807360262
202.20516716022598,211.538043728
263.11297623246,255.029229245
213.49310155007402,210.656790541
164.809742073128,180.600835695
212.072944564372,217.801758191
278.86914336663,276.259890177
277.32944552242697,256.92137473
196.492026501095,194.829508755
223.691376852176,218.559154056
221.803391790929,226.188753929
208.358043262491,218.410735676
173.314535839021,173.268771256
183.739559784844,185.04127664
169.128999778589,189.538379046
203.081038470901,212.499531734
240.84646861512687,236.578409996
172.182159336681,182.902842038
216.149368233133,221.347163657
148.542521127752,180.221395798
223.742020561845,216.345836523
171.167061891667,191.233633985
305.90596886145,280.014034367
187.290144571535,193.885856393
242.591404377573,233.189329331
168.449391243279,185.356148856
195.686262001312,219.95579654
234.67083283089696,231.151042603
212.41821378278087,217.913199436
195.768476388903,213.798512681
198.58529283256803,206.28702368
165.438160792785,171.231648565
228.33231614136287,230.618564746
209.88439968447798,209.550945986
171.311116010521,178.607201347
203.707971518866,202.379069087
196.55997896410702,208.219430193
213.76509474869098,222.067622417
302.822480980366,286.648909949
249.68967786642293,251.95995384
243.02098173147098,240.753308652
201.69682445645,200.607062758
206.235026487532,196.798241429
270.43913312218496,268.568469749
202.028159747733,216.141560512
203.75652318792496,237.292494263
221.73332962526902,226.749284429
187.333213169774,189.035981416
160.828178481458,177.051982308
191.232940036955,199.040247086
172.919740045602,171.981725195
176.55668894386397,170.283671668
183.94864747278402,185.646521928
211.172103939081,215.701360063
184.54859222336896,202.559886818
193.26724309658505,201.067238923
185.15952833917999,195.843380834
177.981016645821,180.100537163
251.37653073029998,248.36992405
231.54800839687599,246.170609007
212.53651279675,218.003378906
192.189054565527,210.892048161
259.614730484866,251.350707863
183.096553275432,197.252579419
186.901528509513,201.242861082
189.149908580747,193.481485408
211.88889333794398,216.45548688
191.455363787925,193.837405789
192.79758995753002,206.203244316
183.57692948304,187.442896277
249.368876886474,228.911237278
217.91064428206286,222.667152447
161.144509710455,182.544544111
201.54639815512502,212.077193728
180.447602105947,200.475352378
178.574611193182,186.061446829
201.745766387174,207.813797244
212.509437243545,213.227575694
234.410779270927,235.185150742
209.359599346979,207.981104289
185.518502463941,198.914008656
133.182513154968,142.357925194
185.962910677483,185.494181774
203.22003242940602,204.079775923
186.72510825597598,192.835190421
201.744730952415,202.430944799
233.273173361984,234.710780319
260.056799505765,259.87077603
183.09184594543203,189.547619144
209.003450403074,217.878957727
231.686954339924,232.971737279
243.83326853167702,243.496293105
186.201338444359,195.386279841
186.23482216143,186.4519187
224.53202306437402,227.132911016
198.38651978636287,199.888649439
203.552735472335,224.507219355
128.90600875091002,152.105504093
208.461047281994,204.017614813
232.159204099322,230.499212156
189.125989963399,197.74746536
209.305837836614,212.001368424
159.219078527395,178.015530546
176.37868610466,179.305283628
231.599788846558,238.076223871
215.211810180936,227.056612073
192.634868865556,203.912395102
172.950883982262,177.249623783
167.741457823287,169.32036363
184.719210276142,195.225747186
150.254281063692,160.761202357
245.94701076682801,240.121867535
221.041441188746,227.573529826
186.450160712415,188.39180608
198.973907017813,198.209173779
191.954704131084,192.044261292
209.019740200057,210.354301123
187.974752295695,187.615893426
204.717820834789,200.658580887
201.45304130841,208.430211641
182.58198640886602,188.522127485
252.037049320382,239.073660249
204.02754315355702,216.534929518
241.27777319853504,232.179090476
199.992598911173,202.976811286
233.29197956445202,239.621787427
212.657029169543,215.401933901
246.794817255811,242.241963174
239.261406602537,239.824817925
223.20414511941502,220.678428326
204.337617886166,211.059048024
186.496719614341,224.392446755
196.14330426862998,196.546662337
219.548945632005,221.46158834
207.26634165186798,221.985996866
230.13617872404487,230.863973048
170.067121676797,181.929392121
193.15904034168202,200.13988027
226.848104271572,225.883570901
167.527644411066,173.718549646
217.18992702044602,213.556376453
221.348414362164,220.379706397
181.948858262191,180.999405409
206.554253779394,221.763207279
239.68446505911203,240.263883589
202.429720404581,226.522663898
194.884249113969,209.952325994
191.078118443234,218.720965727
196.105087473692,211.961443887
194.603563533387,217.655109095
195.54890375451697,211.839058297
258.047333015492,251.699332355
169.653082527527,179.467763326
183.02579100524602,206.328404535
168.53897281237602,203.176541707
215.257662626837,216.528556329
217.431567986281,220.025126191
189.321531751039,207.4473477
225.655829815704,220.822251481
202.28946453118698,204.999867247
205.164287280658,220.395218549
271.385094069114,248.81730431
171.755482824573,176.555316225
214.76326704582505,213.078314033
178.086674198665,176.29021811
185.397288507881,189.828801397
273.634315426236,277.026458339
189.67996077836702,210.230787158
206.25838270624297,206.154988048
201.711559418525,209.183596865
181.73543761335702,190.290060393
238.281214122953,273.806616679
214.434662069501,226.641664494
208.676125203204,219.141801339
235.417952147724,257.092841094
183.25468011956403,192.4809902
225.30067811976602,224.112619966
226.708815883458,231.099871616
189.31369920111197,193.688355867
236.971183753973,229.49978572
187.22566874908,188.148629895
182.529009945284,196.644618599
206.099295940018,223.696795061
179.937092518048,192.211163565
167.017667008083,174.17794243
217.358124955005,229.129253549
264.622363390497,284.801321303
193.350729128343,197.385285326
204.524195463345,209.527397447
214.143811131116,222.992127154
214.53775585964505,212.610256334
207.52675163623505,214.021139799
221.20613035058201,234.192240142
247.04450342049998,233.525956602
213.757520249342,215.663509003
207.266110952346,216.197855678
240.57015767601501,235.123229703
195.712113801655,206.126621183
194.84113436719898,206.36864758
150.019918162782,160.003318894
164.523983397833,172.915027465
148.741160914994,154.239362901
203.595644732296,216.931234648
213.518690254003,224.522035461
196.0507889316,208.644708434
201.956041197751,208.199085148
160.526843795674,179.437083125
230.59508316077003,232.051503371
196.169788411531,202.640284386
206.425387677147,215.247814616
204.50752528886287,212.680695532
230.91046647280498,259.022658024
209.774761089879,201.871822498
188.46344873039504,188.590274086
180.33390271914902,194.079968625
211.48026923221002,219.078777787
220.091419332111,228.292059022
179.720189871445,180.867822297
196.197424043751,203.719095792
197.22171850969397,207.176038946
191.802728968298,194.609633275
179.79204420134,180.098718357
246.06989580040297,240.088631789
233.154234605322,241.134942287
134.635286503139,147.628916609
240.596163271363,224.37460644
299.464134734274,266.620161696
177.387829571048,184.640036156
219.08056094014702,223.858126091
235.869354970741,230.230601584
203.089395099704,200.407077666
166.316545077709,182.160899309
198.53126970440601,201.938387932
193.40181956306998,206.76234399
259.359675095349,256.097061818
136.925164817092,150.801089594
206.97312674125598,212.123020449
212.97442531772703,215.189428983
228.10782236537102,236.129978803
191.01012476814998,213.709414355
211.966733542126,220.609771482
190.400272974197,187.85080077
194.875359587852,193.627526306
197.952507471837,198.17312678
258.555283336851,255.087990531
245.844477718184,248.330287106
188.362830048955,202.122238699
263.358032313865,258.797926107
207.648382914063,218.268018004
234.47847524740502,238.609605822
194.59015923396302,194.602900422
206.726123541201,220.873020378
217.950003610961,227.98999223
215.603653653106,220.14910988
180.560755588623,187.40676767
200.232244332851,207.600087351
267.288663970897,249.101207639
175.979655857429,196.320185573
224.16258789381803,218.18373987
212.63412261560902,214.323198767
190.980173304773,192.358910943
234.127345257972,234.228920027
202.22413823328998,215.579106592
252.535670937615,277.858248477
294.155907836017,290.435089005
199.791607090691,205.093162517
225.877771541839,229.414611003
250.704916663363,241.176424865
248.869554600952,244.905852624
252.851611559477,241.891242777
177.039808416044,184.905426548
158.649099043787,182.734877293
207.256037442795,209.983207884
211.415887847015,210.199267473
198.295390916576,195.680779865
227.1225333395,231.87758761
86.0846551774971,106.211891638
204.826281342951,219.290338888
227.329884052214,225.251476214
173.534101363042,192.709758314
215.061008100084,244.988315513
178.753545405994,189.655396475
201.27351278765,213.624635033
180.128159689038,186.126476288
188.84240140134887,191.551994375
274.895657080453,266.243386221
229.68109408416697,236.407144604
225.187824701905,228.207017875
204.13249395960202,209.518523225
202.90018236907397,207.181144061
221.632322517168,218.980998891
208.421881731198,214.890844758
211.757183128616,210.46000919
197.815290776776,206.545306206
192.003384497585,189.357781259
217.692035741507,217.751353884
216.607020163383,220.224398678
174.765524970864,186.760014004
313.611477112183,286.605473737
161.18458089688602,168.150533308
183.867897703974,183.339471423
241.87674836904802,243.807456338
187.491505015224,184.584705439
214.49155570341,211.709775147
208.193618570462,210.654918715
187.94437603157903,196.628033525
165.543138961117,192.244000038
212.63412261560902,214.323198767
197.746573629302,214.526705045
215.032513084689,209.788793138
189.51138766981202,188.148329798
216.90305951603298,233.452664976
246.74979724928104,242.54574349
250.747218298082,247.696550426
204.033841021154,205.898602699
199.239123722075,214.736577442
153.421486076642,180.729411897
258.590805700165,261.67673815
207.65402847792305,205.561987399
208.52350856602797,208.637969428
199.61987407187598,206.69592275
219.19321900927798,214.814448793
175.893569837639,194.024356361
200.443406408414,207.685571912
223.138182218017,228.919031924
183.47189842417401,186.729782944
174.35904470597401,179.173173275
236.555155185191,232.75652996
189.25520659948398,192.43500625
226.481953659533,227.199008988
200.106790040743,201.850583268
197.49677920323398,195.840348506
191.493826466211,188.841526772
220.546787945472,231.411392451
196.833629977869,192.365642994
174.996291352452,175.288206467
220.064432440979,220.834354099
195.61838317672598,211.922715349
209.31761418578998,202.068061793
219.632825236015,218.104111973
205.33421309597801,205.464218328
244.531324104598,245.63555998
244.286694585665,250.882246084
165.33180628531701,165.999009178
184.437995807649,183.345661213
164.614065731383,173.002655042
176.936837193532,177.054254967
166.01821952146204,169.497931446
219.627963948523,215.397215813
174.23881921594503,189.616233437
205.69111032846905,207.241407906
254.36497293796901,232.158374834
224.624842498246,226.699166788
178.55116733711498,169.477198675
203.592267961746,214.703805414
258.144047989083,244.194767435
198.298563797019,202.318930159
198.384040759496,213.911826356
163.360420404548,197.843253076
173.10708907704498,175.218388664
199.06382934363202,203.306623095
265.16495959153303,259.527758475
192.5341945225,193.272423294
230.667341214823,230.870506753
213.608873444221,223.564599074
182.564503011866,197.187887942
210.003988965901,217.548184534
238.704908570772,236.205291221
132.768065800986,148.962257852
243.52230235434502,235.926918319
227.375925198707,230.624223303
270.460145042556,267.09290648
212.220717170219,206.702542761
226.98151383975,229.351607752
188.30781720191,190.532660896
186.887868367122,203.794727163
202.778351746996,216.761330385
208.17325480418486,214.785306619
150.129849507803,159.867311757
276.595140790578,267.574211804
185.93540606214,198.079313201
218.36270444431,226.709418972
227.143009143295,232.129305363
249.737830871352,255.245425273
245.42753782014702,241.64425834
232.914496787315,226.242139366
230.46547067121202,241.710659226
237.68787955555803,240.595671512
187.054102530998,213.574708708
204.45196656116298,215.676417211
252.761655845226,250.872206114
219.69306896597303,230.700476813
247.20708610541803,268.844035392
206.91789530750802,211.67247187
190.74411734139198,204.552963745
236.195406890943,240.076049563
234.405415702646,246.493090967
212.16139073165297,226.494507784
207.445095503523,219.317469501
194.828321846085,198.086127983
231.74313153481202,235.480916273
191.085436895388,201.593338058
189.650600602641,201.694560371
216.62962634117198,220.950572677
164.38941432164802,178.142486577
188.76682749701303,205.243561166
174.79201671067798,190.341246419
163.842405126665,195.331525012
188.76993552874904,203.567894583
159.829541431673,162.712461752
168.71200170387,183.937024819
160.320711892291,182.051638768
113.848349252738,133.138279039
178.595107773741,193.254702952
191.743996693578,201.618749391
158.79622121222,169.916137283
213.859082464311,215.887814029
220.633263094949,222.776493685
201.22047810618,209.188227481
161.824901321611,174.564368111
151.593790758409,170.748990531
154.81166495493,165.893127466
141.84439394689198,156.930013548
206.61050960331403,207.38933182
164.126972439018,179.644994458
195.66155023472598,211.917112913
181.87734640553398,191.99440251
193.200439826746,206.01974409
196.13754815323398,203.096104374
200.633892903079,212.422241661
215.649694319323,230.094404528
199.712768720695,218.18932963
216.082788183341,223.38033789
215.897784556605,212.387387209
218.164467898834,225.094082101
240.997455110831,251.764632346
210.884142056881,202.928306749
230.52663143186,229.266828455
192.321736873368,194.982482622
252.165008128491,240.184045716
238.17338603994702,228.352109444
217.390680131501,221.069603826
187.148006525808,195.046146028
188.13185602505902,200.170433144
198.28399936331002,205.351691004
249.572732397294,242.364045753
224.00129001332803,231.855195707
186.139267060383,197.830909122
221.9482654092,222.634244134
270.162720267331,286.46339798
213.479635062639,216.325846732
215.18145101658,222.758270876
200.177922169243,203.551788394
181.39867666403998,203.721991701
188.796481210445,195.271740785
167.276672122341,173.373951863
183.477920489128,187.605034193
211.29716416308,213.257295841
240.62737307376702,239.150194935
192.27578648573999,194.349330166
187.187456396903,196.703084318
210.986605618718,218.503452479
239.08670151161,225.377370545
155.114603632596,162.752582204
210.46804655088002,209.927836308
174.76672462865002,188.839754026
176.33569887811402,187.884292877
141.21025467053698,148.465643026
182.866484201731,181.317728057
190.307059337373,198.051621625
189.71848538380002,193.02678073
196.515954159452,210.147070405
226.892521705024,233.799272071
184.41081290138501,199.33935698
210.613411680627,217.557721454
187.627928264598,194.578672575
194.974972024829,214.058400141
236.49475358000598,235.612592048
212.995402483382,216.899245628
205.020163272884,211.524799471
178.969391613966,187.743808096
188.452417452611,186.124528947
186.10034802542,202.363929605
198.110515787673,212.697398964
210.854511259415,207.112874556
187.52669311821305,192.014701462
196.87370830800597,197.65242152
263.227152480575,252.56874304
171.718904410765,175.517125693
171.738960230458,177.189804362
250.736488112943,233.630820176
199.79734259286,202.237312642
204.503085013921,211.328022054
179.350735983398,180.717132503
232.92641835447498,235.054981031
169.428160706676,184.703717051
243.91077923421398,241.160037359
209.466748745527,205.930846879
209.18594480868904,217.294491759
145.204545045837,165.652872086
167.200949338031,168.688703457
204.820488282159,216.635035891
191.57441549693803,194.746283598
207.498876450789,234.093988944
236.136013152127,235.421978716
161.700993771146,170.117100802
76.31284950968241,97.327965385
213.08008419852,213.161229136
233.290865338923,235.832180619
280.068256590606,264.259874566
219.46058065032105,207.997282683
202.336742952521,213.848973338
199.41938570221402,225.583815105
179.59479722837295,199.048215323
228.094519795359,229.333318699
223.278899257985,221.402844942
168.317872950418,175.865441798
191.711500165808,196.567758537
235.58267947601001,230.920425796
244.15025441567798,253.307951957
245.010350539249,241.525123461
252.633605012533,250.717386555
249.70945578410198,248.615498154
229.95645978822398,229.155491348
188.3524283602,187.652665689
201.75614228352902,210.285431428
249.784994656078,247.534071886
148.28029881800396,158.501227555
232.10825396503998,231.14809021
250.33783031976898,246.392933391
236.67276587384202,243.481658142
212.073249502599,214.336327362
208.710282576354,219.934154005
217.204256244145,227.22416157
165.53353225104,178.794487488
234.023123006526,241.727747645
244.54953722452305,242.578700938
261.125996314703,250.551961834
138.980771049881,154.66577959
197.60231893068803,206.490164745
181.856330228438,184.780425913
231.218201508509,233.723675448
234.85486359030705,242.523567984
216.021431224686,214.469153689
191.894116684926,201.102725188
236.79792079461498,232.837296919
193.587205487603,206.526224162
208.612459564678,210.645632355
199.372652783245,211.656169207
195.135616246968,197.524542011
232.452358952448,230.594750128
236.91328875262403,232.064037374
176.82254578599202,200.097620944
178.697462962707,193.290275278
209.780625699867,212.514793226
260.993123885206,262.41875184
188.015689935049,188.996154322
183.099088793758,185.161352471
190.60255743917702,186.794373282
170.709586153146,179.140638638
161.839591063902,175.789098954
182.693548900029,184.012134182
197.32582763375598,194.639209298
187.66879343831403,185.881459453
242.311302549645,243.239461665
238.043186312323,234.520095561
233.843231908676,228.797807006
214.669910074332,222.039090755
189.24353221995602,197.494569162
222.890694541308,229.162800676
214.673107148805,219.800983785
179.243686175798,191.711682788
209.662582243619,217.142394998
275.033063921503,272.789398059
186.529534320163,198.325508662
233.775747765587,227.846883156
227.79693661654701,231.56357348
193.260577980609,205.111497547
212.66453855127705,208.62186467
214.472178192732,221.323570715
192.202947556478,185.413870368
226.43393987016304,233.284200685
199.883349798804,220.31980791
206.76110298677105,208.701743487
263.636447022686,256.121818409
233.791669688504,241.821643353
232.714695514247,223.545350765
207.891605795718,223.711846232
183.899512867209,193.89296402
152.149777922615,176.608328231
203.671407970402,203.058365284
197.708885851974,200.381382607
238.40351882857001,244.219540858
215.819554070238,224.512121187
220.96599426510102,221.30369958
167.468211724026,179.513671573
236.989033623608,234.870102517
222.299408260023,229.357961109
241.440661178953,243.198935834
227.45283749060798,225.26865274
235.82943446606097,237.664775315
230.48380133276902,232.498718882
237.38239278406002,237.388559481
203.123345616273,211.490161363
216.27323654468003,218.968283751
177.551798138862,188.150637519
187.97829374843602,191.672590463
202.815296159719,203.8308034
197.500933042822,195.236561857
172.729752463605,195.159965193
227.457244760152,231.459160422
203.800141832772,219.547598877
286.177673616981,264.490605799
181.578052277006,183.159092988
178.840455280492,181.282782368
190.03458378268903,200.468586698
226.26427686249298,224.023047417
202.466971205074,202.805249268
189.921121510443,200.31232912
218.60830712320305,218.655272246
187.800145321411,195.80950708
233.76066501511002,230.140704706
266.280033204552,254.066572622
197.424369551949,206.663722469
207.371778742864,207.256193994
179.33756720218997,185.609430715
240.437798544038,229.720910428
260.470392134067,254.540528044
203.275005579045,188.01982862
192.01699003020698,211.062390652
173.0585567299,191.117119606
162.830497232315,168.18221734
176.73326314498902,180.618494657
232.738508181533,236.606433033
208.499716707138,224.560354815
248.88893141997997,249.970015027
169.795077384792,177.247667037
180.50987227232704,183.790592051
235.809128498125,244.881444717
250.97957854287102,252.795199134
226.704787819585,231.652362309
168.911823853032,197.6890248
198.94216746451698,209.362771127
207.691828943157,212.533411987
189.102235994712,201.788349955
197.027748129921,208.299915252
227.60947764219398,234.082168719
202.106391141504,211.99603807
204.40885585520093,204.052293313
207.69141413704497,217.316298946
200.447041599128,203.474616148
198.890785686042,204.205912412
178.262218749328,177.148324068
235.419272564191,244.293168856
281.841149162369,263.395253216
241.777177280998,239.658227868
190.47519876340093,188.205886109
213.28024976483502,219.301675564
200.75403694435002,211.206525461
194.71056959547798,191.293138845
254.738458259906,243.001483706
241.53955722148498,232.775049117
209.74658651969003,205.660934946
206.24189997561797,219.17736147
256.41506083298304,250.831780067
214.49276383537,212.670204069
157.695911406438,168.649917935
189.95037851698,190.095168745
242.092923475322,234.509151746
283.010131488292,262.956594858
198.54048038036098,203.517383367
207.815430327608,204.713890311
178.576097675136,183.033559044
256.241236195544,262.493479495
180.49871823010898,185.557855664
228.038047453833,210.063542159
195.305584549874,190.035993102
203.64849501967097,221.600774367
206.44644763730201,214.237552016
212.63412261560902,214.323198767
187.28979969064704,191.01252706
206.15879536513802,203.332899836
264.17937223670503,266.263578045
202.370203523375,208.142825865
207.15801782577998,199.850491386
176.33569887811402,187.884292877
274.885370129283,262.795155512
194.049562003614,198.02049514
189.10581184697497,183.863299139
166.852583019571,176.791077098
198.88655908926103,209.700422735
174.778226772863,184.685587514
238.39712792741298,245.557597186
240.48600569695,234.262756642
187.94946872667597,188.03960777
190.057743994683,192.530938615
178.912362639561,199.051011257
201.58270997101002,211.798452514
222.54984248555303,237.424017602
220.342430007316,240.472490133
145.356831122766,163.056319837
186.697730169538,194.632289192
