212.995068956259,212.172343677
266.140979152718,265.507422054
171.951390017426,183.380496902
194.87366807527303,189.907778396
169.795077384792,177.247667037
203.806326456302,222.45698758
191.41797719465401,199.235910791
232.530517622315,235.228335098
210.35976409594699,217.98631457
205.38791329244899,206.551944432
168.398216925926,196.195669885
166.500171380476,169.372514364
196.787876172791,208.9253478
196.369265359646,215.189753516
198.628158149277,207.700381343
237.11475937983,228.749622286
123.63598228109,163.358595765
123.63598228109,163.358595765
267.020229876701,271.250668442
178.215592939385,184.100722743
193.621484578851,207.603721535
173.808873540396,178.547898757
193.86492062585498,200.608875774
200.563352774278,213.075528188
192.03043855895905,192.093904014
210.84143168997502,226.474740997
203.76976517235198,211.700676303
209.308583922302,223.552480008
252.019546419986,244.336916607
195.633870468639,202.543053801
177.124980885958,201.317449575
183.95046921332403,198.258544631
210.18091605977298,212.932517532
189.81400350290798,199.28915485
213.961137947007,210.989811447
192.059859729028,195.327545048
213.46572238305902,222.057855888
202.662488520396,225.957193007
191.36195963767202,199.62350433
212.07936899263802,211.660670405
166.03574370178998,176.052098091
185.545989295075,204.093400901
155.98015747457399,165.476575531
195.36896250869202,191.616789986
227.17288970419602,225.800681346
169.795077384792,177.247667037
128.058757487422,141.704310195
218.85815655758898,225.316699265
173.515990458094,184.105215833
221.618371452214,227.40519295
241.702735493375,242.460402667
205.78387644472198,211.303311281
208.816357397485,215.886475739
164.247589152335,178.110965355
212.912104850514,226.342101699
188.630670443676,186.16924085
202.29236059474098,201.507983924
244.216769716927,243.259605017
233.265538842354,231.243915236
229.261375800616,234.127549179
221.06156647769902,219.684183912
234.583219372938,238.480280407
248.44223798968,251.303705086
221.437000201725,239.798656493
201.40096200728803,209.517447835
235.866605231087,230.341344856
218.70733728992096,213.675854061
179.15156388055598,180.533177966
207.62368054676702,207.833932734
172.97474362230702,185.329096096
234.22305754788601,241.45654789
193.010474454921,194.605963345
257.24277231480403,243.853148209
196.79883470196202,191.249300935
261.399429834827,255.396335499
247.281882306022,251.107613417
201.009375247191,208.698826993
238.743954403523,238.173392044
261.91688529128504,291.991646907
203.238646180881,216.762659684
217.443476891335,219.557637389
186.24988397833698,184.795891494
141.11145990786002,152.638964476
178.176770457034,176.127522818
198.417183661027,208.196226723
208.95732049953,207.149866815
257.845668881139,253.571628221
185.111091164506,194.738867313
189.26850821901502,202.450929884
238.302583391533,228.873977046
234.20324932624501,224.648047783
221.407980108516,225.309648918
187.255824639484,196.095608882
210.184264699306,210.569757385
197.94667551969602,197.436647557
232.84861868695202,238.564897274
232.830161727444,231.542236242
261.064438270288,247.781257977
220.882444774455,218.808260197
221.64130954255,231.483184688
196.210048603272,203.137054468
169.162271218031,166.772047173
219.85465506786701,227.630997308
236.33327228788798,237.95562126
185.122013120301,184.761395116
168.350143847824,188.512109005
203.100155357431,195.568201828
224.66646259353402,213.241544629
184.98056103769798,197.179846487
211.143522136027,221.637211063
271.198932371502,265.289699187
220.13699322692298,228.689588672
204.12159282238602,207.691036832
260.848540053445,252.876729622
220.56056828170398,225.254979052
206.866650895372,216.682781527
199.17079103434202,197.836112131
188.914118480614,187.958555824
182.792820288795,187.3634021
187.863167566528,200.43576818
174.24225527730098,201.748790484
206.70204160647702,218.671888557
190.256615233438,206.435655964
187.31769760723,206.922634362
171.44272517009702,180.077399293
229.174268791656,233.325321687
229.868305462754,244.889803267
225.080471662527,238.278487839
242.531385730647,240.274957542
277.959930650282,270.225487152
212.21857172606002,224.417089415
212.988353501087,208.231815935
119.79754022318599,129.874440013
169.765649532669,172.705973183
199.58921101203498,205.623679943
229.241954280138,227.875653867
210.13247204141499,216.653232578
132.040637675075,147.245835165
217.383509523611,221.260607933
224.351380288597,229.021525099
215.26364445932597,219.900836752
182.203222328325,186.082833933
161.845402216812,173.744038715
280.396519676339,274.184162812
224.50487050813496,224.218435898
170.862074008779,176.35246342
206.597679242132,205.9535665
200.400591624558,206.090232034
162.79669809453998,169.570648584
215.694859159115,212.974418318
210.246413794733,221.698255121
183.96023021248,191.087160196
169.795077384792,177.247667037
200.810293519851,200.723685077
208.990687353107,207.699830291
201.56297253468102,204.572167035
193.812533670289,196.300232515
238.603792854066,244.42451594
226.458005796566,228.612347596
263.532204828168,252.633924741
238.20898771141603,241.293182217
223.814748620073,223.814330079
202.219996380494,210.660541495
240.636078736579,243.473001644
308.945006166104,274.066800167
252.86858072689,244.740264593
158.929442814775,165.407105174
203.937957840869,210.46541145
201.875032656374,204.170905099
202.453385198597,216.078215488
197.551169053927,208.06674023
185.16287078855098,211.144720955
175.29934756913997,174.503491561
219.481728364027,225.304467501
194.540687343904,205.620752118
169.795077384792,177.247667037
185.323116472383,197.622094634
190.820080456945,190.898471607
185.24529043801002,189.587305772
193.326695969785,207.878996338
245.676017212635,255.674921753
206.932012044906,205.989371364
197.83215473625,216.983171206
176.38799957843997,185.848453218
183.957113661501,188.118215897
209.00197663574403,224.667588471
212.793940159028,212.849350632
240.59070270642502,244.346210953
190.625491621635,201.16669939
201.743071910038,205.01834856
255.725095869141,249.086255052
161.382083224124,172.417419062
201.306184446451,217.16047458
206.166018556876,205.439392015
241.802613563964,229.123446952
200.934321908657,210.302291369
247.44117433888098,242.556221033
202.430253506175,204.26814957
233.762805303664,228.861683756
228.557712769835,236.435578546
181.149965262892,192.661451193
228.103655387272,239.734423674
247.918395763273,235.952091268
289.16895444070997,265.016547659
252.220993947141,253.811363481
172.49856674976002,190.126776513
207.046798045836,209.791435971
207.62612674961002,206.747935156
205.24842523413398,223.488914705
151.112907586864,160.253578821
197.56054681733897,207.369054039
211.820832819077,229.474552278
203.73101840900003,215.258655214
195.49022836537898,216.491974738
230.300696517007,245.820117847
191.01244937732602,192.991440888
230.540505291553,231.125504516
176.004810875798,184.079193573
194.74212900027402,199.223445657
222.083680792536,234.489726788
163.897599893794,180.591624339
165.433880204869,162.091392863
224.097731770696,229.409177537
211.003741107187,207.515623972
225.927353634519,235.953266275
197.50246999609797,201.011481387
225.751172213103,233.941692293
259.795568501089,248.848707805
215.474242568914,219.789059218
163.085223237617,173.691685478
193.99851272775902,200.08015657
253.499510591764,239.680489373
231.867787738713,229.30373632
166.995420192121,171.126766385
223.530680370079,220.915601555
268.25394652405,254.03685373
210.255775078439,207.133019686
198.19329537868697,207.585364847
145.48734980587298,159.768980927
201.110710902177,214.175672161
181.96041808496201,200.361039931
186.25940149041,199.918321739
228.660879914987,232.417569319
174.41152419182498,182.977350287
166.763575339438,187.031397197
188.420438583568,193.406987998
151.97592967366998,164.399235694
271.046971348287,256.625661262
183.95310165972302,195.634658676
203.23613570896802,205.033505367
215.574527889893,234.4110752
189.714598326666,201.590476219
202.89451186206,218.13371021
186.47261564299703,202.499582484
170.64266753696398,181.414916824
226.710343992286,241.214641445
217.716109648374,207.357485623
209.590965860121,223.887255102
236.71899141634498,245.060438181
237.565444365166,235.198109506
207.18008808073398,200.438201564
192.300116151762,198.279062807
204.08402087611,211.64396157
219.055570168797,224.572233331
204.25619020328898,214.839288283
229.026911252729,228.284297653
176.32407624786202,184.925573413
183.811903848074,199.746037904
185.01873843279998,204.24322326
235.97837762663897,235.151639411
173.49449823451,178.746552045
174.713861325234,181.925723856
259.945954830434,257.044215069
240.00312132009202,237.544853409
193.479963711631,203.554022512
192.75809610401902,203.578789374
208.120480162591,216.488691979
176.794377270591,182.383874301
218.095095116166,231.156365138
240.323329017851,233.612488358
222.403339224963,229.353482081
183.899512867209,193.89296402
210.919418673307,216.026186775
210.013877766546,213.382569942
187.53706759122898,193.416735789
233.293639934378,233.545576738
207.22645310831,211.192098549
234.55273050046,233.525512456
238.289028661793,236.983174458
205.726094609824,208.558915306
207.72850126877103,210.096359974
224.418581331309,227.576830426
216.980528630679,221.565377222
226.843790837844,227.45470973
206.471660216821,219.655255169
145.843785430755,155.78757313
203.562488591655,209.333280481
187.08904398079886,193.938679937
251.246382504417,245.502417121
213.60258874106202,228.397163241
222.14047754587102,224.654073798
269.315023292543,268.191254467
194.754809978865,198.322892276
202.1229715279,198.808560587
293.126763228135,277.16622727
225.392635791469,233.045181151
178.899033648802,196.761724071
180.87370907488202,191.997852359
146.366167787195,159.907117602
193.142612682724,194.837260261
215.407077580969,213.479226708
214.937442428462,206.262608339
241.979466232716,234.988752092
202.399581274001,200.522410365
213.236320030072,212.114502432
176.90785818886602,179.796790645
242.16152241916802,237.046637004
137.965149319459,161.568929269
167.56581500549498,175.143590527
223.992364440236,224.713543026
240.61355044792901,234.089058131
213.144122811006,220.541972222
224.61054924150287,226.453635014
171.652791241075,193.107395908
222.674594877244,213.191846232
245.12152988331502,243.854510162
241.853389210504,232.726281617
157.954034071303,160.37573318
185.719713949459,204.939968428
172.57223704667098,192.007728672
205.17436394261298,215.602589042
243.8512017014,238.472674294
198.911419032732,200.315286331
203.976663023183,221.352332411
225.013448008341,226.572998518
231.533154709315,232.700465492
205.0596422137,219.310717023
204.892857479174,212.486186949
223.19510972818298,220.390972173
148.99923443474398,154.852621024
221.244105626698,218.476351337
172.772183277803,173.300141096
252.63743984529896,243.818184227
195.859071828082,210.960181166
217.74053386825298,213.846871019
239.14220818226102,237.587932997
215.134086510676,220.170646413
214.733131897959,219.465901827
228.831820388633,229.811216891
236.990945323283,221.487286092
243.07401872825298,234.154570132
216.589801177604,228.993220903
276.64643007245,277.294501031
180.63590430003399,196.660341577
258.59640965411097,255.650106005
191.966153610806,198.800638365
167.796627787835,180.172764141
228.975071424411,224.706146451
212.952586832136,208.3183315
163.375542359123,171.660333425
224.97665633574687,238.774358182
176.934929271545,187.701878185
138.85555464825399,148.576475048
215.100728384193,230.486086029
250.99273046932097,240.735764827
179.442289933421,188.17816692
240.327372382314,233.010592977
274.417971353187,267.226167412
211.20542761096002,214.40992906
195.97191368404896,206.963387951
200.993481228553,203.856854515
246.24142862478698,239.88930902
197.920562526036,220.264320327
206.995843582255,204.89255213
185.915298635334,190.047573762
204.081197414868,205.662326427
180.12613867623799,181.00550012
193.36289906885798,200.716812132
180.192745552913,186.5434611
204.785929034846,218.500652406
181.364917705544,183.359051937
184.59791925185797,190.678517596
241.251135973228,244.271490538
227.140012424995,221.967107765
222.885692948789,215.178201708
169.864331103745,190.104266631
215.637893827071,220.951641634
252.844429501721,250.088679909
218.40152107932,227.686001407
207.19966028678903,209.034468397
227.570359009693,238.573402788
204.647794887146,226.430893451
220.302273127304,219.499345174
177.621831541522,176.660350738
220.342430007316,240.472490133
228.257330312733,226.521948155
169.795077384792,177.247667037
200.59335608763303,203.695365408
172.079105891749,187.629782074
230.137057187984,238.325845189
180.31580393101,192.390419928
230.159636717559,219.401785523
169.856341235711,182.574031
174.329008191338,181.829702055
222.25978222178398,240.663461991
264.701963859309,264.737767184
224.530042733481,264.735860591
161.672130289904,168.824826578
238.20060694265203,237.502339438
176.64656043588798,182.231166359
228.46598204877202,235.206139056
155.045796974951,166.016673029
166.07193015181602,174.785584759
193.81444355112401,199.336332155
180.06391187103802,201.028579037
223.258082191739,243.473493202
226.03863677013905,235.057047266
139.981771942623,150.873363277
222.95070325449402,225.152547858
177.021095026148,189.514657616
184.914741985124,190.698447894
193.041308791705,201.397247647
189.374114118325,215.926979494
190.076755908997,186.034087397
277.120328972481,264.226139977
163.41829235943501,169.692238742
200.03167178143002,219.610348327
202.92200667682,222.229112797
196.400134781298,215.799299954
224.974161096255,236.465415314
100.18386429305401,121.310064635
246.040544593175,236.509571929
215.8913781384,220.246787695
286.100562417463,280.188644726
274.16864109377497,259.699113717
187.09168023506,189.910863261
201.648946406307,211.920052293
193.952809093045,193.900805827
211.51716541341202,213.247240302
230.216108455806,237.135758163
197.247489918918,212.834806103
221.091764242198,219.058238996
163.78510399051,170.483261088
221.86685344897998,212.721300042
228.699169028401,224.681536214
173.148392532626,190.29971456
174.80384534843898,178.174035007
157.957131870172,172.780247944
231.13301947641003,221.345383666
192.68988894930803,194.725220094
196.209915366372,209.567386986
248.956515400564,248.721140934
177.055591775178,179.585520186
187.21035012582297,189.781859482
242.532661767903,239.110242186
250.371127259318,246.913386653
187.671910547579,190.34216187
170.63684228413402,183.512805268
210.580689056296,224.285397214
244.46924084103802,244.799315095
209.55445278140098,217.910386624
192.854787816059,212.297879994
285.458883885948,251.64609875
248.041074666959,241.924532309
176.65204414936,193.050110295
245.71534107216098,248.875041458
229.24261617157902,224.694289894
191.14354008252,209.123638663
168.371903999521,198.307900384
217.77996971316296,227.791807222
195.15259215850398,197.982504437
205.355299336061,208.288826274
173.916845859799,178.066775273
165.14817796103202,176.726358163
203.39091932151902,218.246341166
246.79907067855305,237.898005624
193.103476407971,203.026921343
175.57506605869702,179.112026793
174.946462279431,174.018661547
196.41598807307,197.518002343
184.685055482946,197.911809137
235.616998053602,222.391553896
239.18262556965,241.822288336
188.267931592257,199.70868861
227.256343555824,231.665390967
218.43678817717603,216.064697153
226.27469271993598,227.828996089
236.16761129794799,248.173513082
159.884662210983,180.622829072
193.51493488628898,199.857947623
234.46482994881902,231.383176723
262.668838675968,249.347982548
208.92159649706403,220.4774692
182.165733119342,200.702434777
185.088879809052,183.949412096
188.217126877778,189.969186606
175.464661670936,186.779518164
167.147991345644,174.173962293
206.082660504583,208.114608336
189.076809575387,191.629983062
229.315409235551,234.242544962
204.33701808796397,207.621874776
251.536035757596,248.442022415
232.756471908322,229.255142115
190.941120490338,191.59104917
155.429229076734,164.581133077
220.53617037896703,227.277562587
226.022546778798,221.865769632
173.99281870774502,183.449846783
237.27842923307597,227.01574841
204.525675550426,206.803317977
223.604674103114,223.158911481
218.703321745584,234.345509445
231.473341595469,232.353227897
168.484451208582,185.189133853
206.93508997643104,208.559996859
221.06719925862305,225.397730921
228.482345863798,220.401247218
195.89326357496003,192.69920644
247.864563369071,247.035217168
204.463426027602,211.6512267
207.25349221167198,217.330104004
201.867261009005,208.121037355
190.549613260599,197.710580842
220.962950262944,231.371344017
180.986198013581,185.628370702
191.00610790173198,202.396523598
149.17685359518998,163.230864434
221.555325552005,240.237560109
159.178552033163,185.436781768
216.317136633105,219.316666979
216.69333212553602,212.507934499
196.211918280949,211.414822196
224.098310736278,238.189680926
217.889292624631,231.612887683
212.6375545837,215.769898733
183.95560417666198,195.843134748
180.94882732878898,184.511595205
187.97594840575803,189.595227023
232.35880941052397,236.157649186
177.317715278308,182.03639222
158.33288830678998,162.516647327
229.22645547256303,225.992838915
179.817538571068,201.825067434
191.685258092308,197.429985215
123.68131730440099,142.745197597
190.252881278577,194.645935915
171.89207739647,182.451251198
172.09926193530399,193.242857463
228.71235897121,230.287471438
247.246409728978,243.412541947
227.02077798496498,229.873348356
190.47229150290198,193.290694283
226.371176431244,224.647492065
181.32486096536098,184.709872459
251.207101861548,237.12526365
186.679747508274,192.371607623
215.245586631582,204.387602543
252.03068529467498,255.747030596
195.26773060021,205.034026702
246.51705188222,240.226802518
194.39886481798501,202.618708951
214.787694900018,205.832534042
211.098466387908,209.206056974
187.680649939772,191.608571397
281.383960436888,259.895397984
191.05680987128602,198.48955113
222.46065739764703,220.843696333
179.61897263267898,187.862715578
244.095147427174,242.372561625
189.883499402394,204.887658468
230.018056734856,237.048126353
145.998577117563,161.610103854
186.49642489867,193.013099287
176.118254008815,185.667285875
194.350896049887,198.417825626
193.81605461778702,192.805706947
192.84173285481003,196.527487825
260.151161563186,252.478350542
235.00465248571098,233.222586508
191.18550115389093,199.491307137
245.52561891195703,255.083409921
181.883889439683,185.419765048
205.09174940389,220.449206501
191.725877884935,204.336187678
244.65602826531799,237.899148269
240.92595919869305,244.729382512
163.78738276559602,171.801561546
168.368728540662,174.008842409
243.544451410831,231.581570954
178.953402219185,193.051545639
254.65420688927105,253.973509603
145.333937440357,151.93051821
194.92175665186798,214.464912826
305.723975829043,279.485587657
222.19295924688,212.359599499
220.334430109238,225.607373691
199.78347463008598,210.602096544
207.835406504914,202.900098963
186.702725138256,208.50114788
207.452290062679,215.178468877
202.854739313246,201.939193105
189.487444727156,204.734172986
182.492548294956,175.516786247
162.64558423943996,169.092277843
166.46625752032,172.12279389
178.591030233554,184.74109142
149.56233785132,157.450196691
187.631706594041,189.056579821
230.75087218319698,232.551123101
227.05549880519902,226.811475669
202.35050333922905,207.822575329
189.45752073189098,201.02133286
188.06949912073398,205.062116986
186.297739915876,195.130764404
233.551931115537,228.816149523
189.138919681824,207.958766179
216.769317629047,210.107649571
229.15874752502896,239.360334582
189.496661375736,191.892506303
201.36818422472197,202.088698398
210.03241316234696,213.606007751
172.279621243691,185.195355433
227.85528296090303,226.583046536
172.67127094012798,185.790346231
203.891805531833,202.885812402
202.43755452552898,215.004881694
204.356544177743,205.604758663
204.413161033979,221.874904445
118.24437539118799,131.887589025
194.851481980745,191.701538802
238.020317786401,241.598964202
174.420208637376,182.282611337
226.951019262226,232.026975231
226.97515673956002,227.599913034
182.198462038586,188.366117509
164.005299423006,170.015341404
181.360289844156,191.264914085
178.49063096630798,184.831971852
176.33569887811402,187.884292877
240.757051133786,236.412918077
203.862558432958,205.921455233
224.542290874533,223.565448754
187.695777704583,201.916761264
221.428842091124,220.496884009
245.563784861608,241.34727332
227.50665528892102,228.177026289
184.0421689691,193.455900809
183.377444117223,218.408835093
182.998577920803,178.29432545
241.443893351218,235.338191169
207.164360508923,220.820683086
271.35474736715,263.330365145
169.87173346354402,192.019058037
200.19470822034302,210.761489338
213.693943021223,213.260755957
199.26830248353198,201.954150816
172.68257785214297,177.419978819
216.32928744024102,225.604372988
246.155760854193,249.770571188
255.583085364293,262.425384957
180.072006572682,181.788316866
179.72364153651,185.44830932
179.956512505619,187.532857521
203.562931417249,216.409574053
160.214488057601,187.963522113
211.603815034859,220.264220172
188.75309988977,199.341798996
213.487182807816,219.755938017
184.401218859933,193.983914296
189.76241148424998,199.1058752
178.041162150364,192.017164691
200.47210606938,208.722812869
214.861707625617,220.342676923
192.731084598429,195.833762328
182.468781735774,183.516737618
202.001453568329,201.42199058
195.13433471506198,207.975663745
211.567817668512,210.539547258
223.76986310092002,223.160137444
203.94637197615899,206.295787843
183.144462103377,185.037632812
210.751143888319,213.04575495
200.006594784864,209.088458809
231.00137087839002,219.006146951
215.013780295061,216.714484494
261.336053606318,249.151780881
264.380554357076,254.124302319
210.852061598973,211.039669395
229.322434579314,223.273711197
254.821609381837,257.509349777
232.05505485480487,244.305046326
247.847570448931,244.078774913
242.649113323462,243.637733335
216.526563620307,232.227903848
237.73773185087998,244.882557356
242.091253167369,234.345610006
166.89623524969,174.213748094
190.69278812837,191.64752497
192.16347623475,200.136855898
215.31915987499298,224.535295485
181.10051753537,188.082706965
186.487022244733,191.523718127
211.65738572893397,216.981499341
210.140254645498,216.154306573
187.62223798314704,191.131727195
221.589031998602,215.744098227
179.25025510670602,188.430975554
184.217147371678,190.925259277
185.92534779495705,198.027215898
199.259847219717,203.170823959
165.438160792785,171.231648565
217.033262137338,218.487418442
203.58902403998505,205.10551904
174.61040944792597,176.294390364
180.081919562724,200.724683861
225.85452120757702,232.898620698
195.899360245624,199.027658268
171.473828273428,172.547108553
225.970836127226,217.561568176
183.704747098475,188.705828934
192.202963808334,185.92534151
192.92190074512902,195.96858329
193.832708986792,201.96751781
203.700905223998,213.962483852
183.815107803101,194.935444082
217.422177959024,222.919612678
222.91205047697102,229.703988196
229.31827664601002,244.622638179
236.78591722621002,238.760160294
181.07067249901903,189.178478348
187.163639755247,203.605997622
241.94436667835487,234.334329626
212.63412261560902,214.323198767
185.812439181048,202.618718919
167.910805012354,172.426457545
157.789181673111,169.244283161
213.123674527976,205.608653657
194.336892066998,191.728938877
180.142458558329,183.271472027
174.643639715285,191.834998922
194.620523783615,195.112086985
189.51922722893903,188.045681096
180.744195541235,182.755284867
182.522336522149,190.913795479
209.555442584221,210.687551113
254.03572805372397,235.431554595
203.60018454402,206.12510051
197.781461751855,224.817161143
207.625903773224,213.105613574
194.786620263928,200.397940284
209.394037739758,207.306619431
166.824754344872,177.437366567
309.72465750008803,304.563916293
145.356831122766,163.056319837
145.463204932581,161.098689159
180.397616601473,185.71361709
158.701365829142,171.802177424
227.518330059382,229.332328992
218.875379911031,221.751413305
244.57700507629903,235.00804736
231.28055146278598,222.647100472
176.46946887452,181.978357825
218.22604359768602,224.912227108
221.915182400504,222.498061483
252.81460247403496,248.764141524
215.343365035075,228.896827357
219.40578230834203,221.115846586
225.95460941396,237.348115402
