215.062530161673,212.524569317
266.892127338681,266.167038755
173.001492266809,184.855989989
193.822679048971,190.123020004
171.309791021586,178.273298781
210.176436440064,224.239381705
192.096951790771,200.464567227
233.625018445992,236.014081502
210.16409964215998,219.257773659
205.07635168651,207.197504586
170.895472896059,198.832515065
168.064835191286,169.890000702
197.92412538195597,210.588073967
197.50500100199403,217.45734332
199.37578916613498,208.983074593
237.36875144341,228.668109157
127.39293225748199,167.927554855
127.39293225748199,167.927554855
272.68102643988203,271.903080065
178.048690256605,184.983812685
196.300240306469,209.179708701
173.17825257808602,179.549686731
197.782524637967,201.48181034
200.50244139790797,214.869675214
192.003061865493,192.575422036
211.31729229843103,228.617593915
204.723900589856,212.96092038
205.206170758918,225.573211992
253.26081917673199,244.2495851
198.30726707444802,203.496796414
181.67964915283,203.661522618
185.949866195231,200.005473869
211.607129806586,213.760082632
191.277476805851,200.713261472
214.79667919672198,211.237507325
194.42928866191897,195.908137966
214.951139247851,223.257208355
208.97187766806,228.401807391
197.26620374546903,200.56106578
213.801112568382,212.07230664
168.211538640309,177.270443985
188.475623121272,205.941095614
157.435162847338,166.620864942
194.820284912858,191.902916296
228.998559727183,226.179707211
171.309791021586,178.273298781
128.537939623751,143.392397657
219.667037959476,226.515697763
173.768400437507,185.54416938
223.346664618986,228.470039716
244.619684888964,243.169004504
204.362447209538,212.440604206
213.369469077379,216.712265491
165.22574810113198,179.67089107
217.077499701262,227.916452045
184.17377380772598,186.62884645
199.629949002121,202.237701381
243.799674893955,243.951871028
233.481019034809,231.665489642
234.01722676717998,234.985720551
221.937181344534,220.044541974
235.711128111801,239.331365904
254.533240392989,251.84374063
220.111469757923,242.189820045
203.73507723152198,210.687527354
238.17848035235698,230.420796353
217.771546238517,213.845479671
178.588940488046,181.148085246
206.50336936022097,208.565633701
173.188071683465,186.741736701
238.634263191083,242.501196504
194.25332820404597,195.086359658
256.571294073402,243.290902293
195.330145268507,191.454188706
265.174390706751,255.077167776
247.939377778669,252.068718052
202.167971654799,209.879951587
241.87581366038998,238.716080521
261.167674283805,295.130621063
199.72875462521802,218.758244166
218.989886718984,220.247000739
190.34684294155,184.904351758
146.985440009872,153.667682983
178.11821871801,176.42062401
201.20447689384997,209.553001079
211.707038457327,207.542758498
254.800367584505,254.051247997
186.937221346212,195.964460901
189.34373082675,204.163879886
238.23009270379399,228.803665811
232.273231737205,224.604902416
220.065228005611,226.289632304
188.21832798164903,197.257685421
211.555403236137,211.089709174
198.53187864883202,197.83368306
232.011837925454,239.753857311
234.01298245929797,231.878503645
263.368213214681,247.146096599
220.20148215194402,219.340291277
221.866843149511,233.06036049
198.13140811794702,204.092108553
169.185650997514,167.031266157
219.704179263499,228.92733403
238.56992880373798,238.667486744
185.02398408791902,185.216193427
172.55639932928398,190.423015573
204.069148599756,195.421762457
224.596376765868,212.673842039
189.51029464572102,198.465459119
208.428500411168,223.371194801
268.488110293208,265.682094017
221.09385994572702,229.955702794
207.199680599179,208.262957913
258.56325661602796,252.920399458
223.822482661354,225.878583723
206.20423895448502,218.06291002
199.89133722297902,197.974703099
188.690724982424,188.360012283
186.86146390014198,188.193175023
186.97012755095298,202.053218509
178.026473198568,204.551866014
203.90094268262797,220.391766308
191.872566162895,208.356457882
191.66642503534803,208.888319886
174.579382308396,181.257218499
232.424267007973,234.047041465
233.486290335128,246.678988119
228.44727796852402,239.715778061
243.70687016801102,240.599081941
277.574385474144,270.202500488
215.37431923188,225.972341113
212.081947549761,208.429839626
123.571793724495,130.83437772
170.662021056811,173.425465623
200.01638611699502,206.770269916
229.23709254049197,228.284607733
212.13290764576,217.596662835
135.531567522955,148.796100148
216.736055337039,222.30631581
226.786746281212,229.817792397
217.20998203611904,220.745941006
184.80461936354698,186.77014312
161.084810772114,175.358430599
279.260799078578,274.46644257
225.77843703059898,224.644044711
172.717202829702,177.249705102
205.82840071924198,206.41847765
203.979271842471,206.878633424
165.33033534736998,170.464914842
214.30803404465698,213.514941245
207.875357661452,223.411430929
187.88326082060797,192.045364882
171.309791021586,178.273298781
201.461559565252,201.189956397
209.384244925928,208.081487881
204.07770473943,205.093654795
195.7589482467,196.818906879
241.538904790388,245.342462157
226.89399852991698,229.338711387
259.488592215285,252.669347987
236.39548047111697,242.322547521
225.497278742625,224.412675564
207.029748046379,211.677738372
239.48499409665502,244.350242652
308.786801291448,271.838057825
255.984279058802,244.373107216
160.145413039403,166.437744516
204.54591964416198,211.582383869
204.575794320312,204.807370449
203.575196647043,217.748477534
201.348336400731,209.329588544
183.42608684439602,213.941584983
176.062683820434,174.842349411
222.217649150624,226.172938346
190.961554149777,207.454365989
171.309791021586,178.273298781
186.39865367246998,199.167433338
192.209180065906,191.23083152
185.84403637928799,190.353913004
194.71183273471598,209.573533662
247.219925366202,257.178481568
209.703279150045,206.234596137
194.603420492622,219.381142797
179.171228288838,186.992438908
185.673763325328,188.816951272
212.071940622262,226.388998119
213.937400935841,213.398320585
243.439016028451,245.134811034
191.390795822053,202.500214216
202.870740068347,205.756262736
260.597088967929,248.781863166
166.804840163715,173.549523763
200.26424585799703,219.123612277
209.58801543385,205.553822668
244.21833688171398,228.535641231
201.461982349659,211.643258274
250.105191315896,242.576394351
202.449410958477,204.965901357
236.138044463597,228.747376134
232.711238809307,237.547552141
181.00749886784197,194.394119252
235.13934231018996,241.010680324
245.030434741752,235.812148575
289.076569300786,263.620117496
251.73426488456286,254.592810377
173.073834534552,192.200174615
207.82115032492297,210.629697785
208.37850077243,207.297025653
208.16007966068298,225.860839332
152.85513846620302,161.573327163
200.216778684684,208.691645066
217.889106707169,231.572395082
204.928927005936,216.742891829
199.756678126861,218.514455175
231.586897246385,247.739394143
190.706011462807,193.646258232
232.910173288325,231.558333305
179.148765020914,185.14775432
198.758954978893,199.853997788
223.226831694317,236.326628233
166.065731171681,182.342860419
166.862325279068,162.145908193
222.095369263554,230.455359746
209.530439819258,207.885253882
226.98748266849603,237.410983311
199.599775565545,201.765230754
226.504975731653,235.322750468
255.758868974142,248.674886182
214.85351951527,220.871121378
164.45219414132902,174.961807002
195.098771873979,200.964337856
254.009901118043,239.027975957
231.789931881219,229.666234345
166.440367017133,172.016875945
225.43499409773202,221.154990368
266.317772488145,253.752156542
210.396664144846,207.364619116
197.755406956964,208.973155305
146.397164271358,161.336389402
202.219289494949,216.000219315
183.885766840694,202.388382169
188.61879702954,201.510974331
228.834125332096,233.479266421
175.85767972655603,184.071712944
171.224009426666,189.071188023
190.11177581386002,194.220974592
155.75945046456002,165.649638588
271.226225709898,256.099059352
184.273375364507,197.134187732
203.94316851105305,205.720286003
219.571112559476,236.878626181
189.030971941708,203.224654131
206.00043971713401,219.885140569
190.77956121158797,204.285167006
171.368669410772,182.852831968
229.538259615229,243.050028379
220.083145695237,206.82460567
213.346442736987,225.596939017
241.207854971795,245.822180841
238.18644544950402,235.484017707
209.203801978522,200.262056537
193.69618917704,199.259380884
203.55172004538602,212.942625786
222.02945133946702,225.598476082
205.47845480035,216.31238508
232.737824100609,228.494320098
177.314274055956,186.107513843
188.4636935005,201.333419543
188.80590349759498,206.371480176
238.70322086412799,235.428778243
173.06769240102298,179.649471354
176.38133786474097,182.913579665
259.034848225886,257.55570442
241.555273271126,237.868251526
196.908488467053,204.884713564
194.467962948225,204.823387855
207.97452486933497,217.709242497
178.19492534358798,183.432192434
219.21193798716087,232.937713671
238.65198394377398,233.80916079
223.39528676854,230.598377049
187.932915775204,195.065997708
216.00041465886002,216.639596609
212.835359340533,214.076913259
186.77291038955502,194.494768121
233.42649689476397,234.198315968
210.09811051238898,211.990854775
235.68122967412896,233.884837436
243.337476257057,237.149612529
207.833593270339,209.269674535
207.95357913838401,210.876648458
222.913731488306,228.59357735
218.73927424139302,222.399723115
224.689159576748,228.308656189
210.36518993119302,221.128977051
146.047862232584,157.146512459
207.11750681980203,210.214536727
190.02619045454603,194.905036492
250.114075564993,245.772992731
218.692547625603,229.941859164
225.354637822927,225.417928264
271.963411130446,268.535641398
194.962618456538,199.196089851
200.694449445821,199.085618462
296.75404119578997,276.516297349
226.325505919329,234.145714546
181.71130539470698,198.71182595
184.53676383059602,193.23590497
149.746534889713,161.307930886
194.741181497225,195.368231127
215.341626271283,213.828744152
216.89190441042498,205.864886784
242.061043918582,234.982955895
204.534596123101,200.727110606
218.00161521641002,212.245623904
177.799423225779,180.658982169
240.281503875673,237.439552444
142.502853739913,164.083594421
168.565231210936,176.181920322
225.016892211143,225.311517034
243.184570508024,234.02007886
218.80874671258,221.333964768
225.306770500545,227.055728237
175.32188229943802,195.456957513
225.556096634421,212.711540171
251.179785260013,243.968420902
240.34384240607704,232.569159587
160.490185025059,160.852328208
187.282507377293,207.139665098
174.292744896945,194.231331266
208.653780369586,216.833040337
246.684645805271,238.49474925
198.223650738849,201.078942365
208.225587482297,223.277988054
225.327251913788,227.158517693
231.513844247268,233.415799189
203.99698481119998,221.035584559
207.115432470812,213.594286895
224.607038349327,220.605558875
149.770645146688,155.696207019
223.58683081676898,218.684794174
173.802800831732,173.736450601
252.324220348453,243.813324162
198.175667712604,212.703148276
217.366907851418,214.014314255
242.86740228856098,237.816530397
216.011611268363,221.227846268
217.304051342022,220.222539427
230.866493388741,230.438418191
233.675345436436,220.911883467
245.156439120424,233.907912846
217.280374508906,230.627639175
279.240641552016,277.944467181
183.7756792829,198.364741497
260.205767262277,255.852235807
194.172595282411,199.784185722
170.307031784566,181.462675835
230.396608695333,224.952149875
213.90123538087798,208.510910788
165.765332488512,172.621594617
228.317099547379,240.459068597
178.409893564031,189.001155527
139.67414760377,149.667935055
219.980683818742,232.183665546
251.360002818087,240.598625501
175.21053653965697,189.774655133
238.68766619681801,233.043953555
275.600193828152,267.398298699
213.23497204574298,215.281947442
197.18819532926886,208.421976432
200.703470013334,204.674815889
245.29080014339686,240.015380936
203.91980948291697,222.382044211
207.01959083415002,205.107369704
188.663133620377,190.654983672
204.663290935407,206.35804911
179.870478013797,181.51989629
196.730685021647,201.641403092
181.902364675837,187.460441385
208.348310550892,219.979605131
180.646874316213,184.064849574
188.886152388595,191.474571331
244.972113244335,244.874815751
225.13954968802898,222.306515058
221.824014996596,215.218994451
169.818763607797,192.518354947
214.892312233085,221.962250204
252.40446397564997,250.560705808
220.350659264319,228.999747136
207.838570168105,209.830630635
229.40926635198397,240.128648313
209.220368380044,228.641109443
221.37584907765,219.928977853
179.239668615165,177.002958699
223.014238404408,242.45412089
227.816604572957,227.044080652
171.309791021586,178.273298781
203.48276059644687,204.314029635
177.518127367597,189.234963855
231.536023901175,239.74353616
181.75785029305598,193.769181032
229.92570783125197,219.016393231
172.599347473983,184.015862793
175.93400488507197,182.819709701
224.28952504807003,242.837068432
263.230559291748,265.522062127
227.490830545417,268.51919462
159.392373568603,170.287756055
239.23638361347,238.06039243
179.63351253248902,183.085928963
230.580616795132,236.360830165
153.476066633363,167.567357671
168.638702493034,175.855884335
194.024910945193,200.441219941
182.94870495237998,203.259078937
224.474975564564,245.88221245
226.27060869176398,236.409376155
139.063786265705,152.377199619
220.912346642958,226.130342546
179.36632638480597,191.208540273
187.88769203845,191.523659972
196.440820968597,202.499610241
192.42798507760398,218.793487318
192.050431857494,186.111102813
274.056179410872,264.075784628
165.195924004413,170.521319256
203.72541336973202,221.588069113
207.065997086309,224.112198061
193.28391200732398,218.242110854
228.375932547558,238.000008364
101.40201580931999,123.604252363
247.882196267881,236.260840178
219.038746082145,221.210243403
286.846453506776,280.263678697
277.090959508555,258.719088903
186.53647372244598,190.720409515
199.83037073105203,213.584939061
194.660507432854,194.294681331
212.090350139637,213.867595282
234.603409135083,238.062197138
199.16955322543487,214.703972548
219.40777477307202,219.581596021
162.437347442642,171.554483933
221.14458356540501,212.512071645
229.567600549809,224.91323396
173.08492055348702,192.39741967
172.76162123404302,179.088719164
162.818017045014,174.157865423
230.28698271351,221.074822167
194.159173817457,195.268744121
198.754272230675,211.224730225
249.35029782813203,249.273518631
179.563752547762,180.11683349
188.475945390179,190.436051247
240.91350226439,239.519059327
254.120773428523,247.101563636
189.49766791862305,191.017643526
170.754744746005,185.153646076
209.850394877796,226.302459492
247.356946082869,245.397073077
213.07685687154,218.861780457
195.341509733244,214.282342588
282.916627528233,249.592136323
248.363013870837,242.058628221
180.823127374971,194.748860093
250.082318618536,249.425340665
229.26069806839402,224.797306019
190.75101748476,211.440700805
174.38808586295,201.124363451
218.920702722019,229.221462408
195.690515346448,198.634462347
207.04441613956902,208.778641748
175.44924432656398,178.770669247
165.56587767812098,178.116102649
204.218529753089,220.128154527
248.539899371335,237.563068476
194.370623538331,204.391227956
176.309364019927,179.841391178
174.345562284197,174.527673602
197.347565848865,198.166790953
186.34604014176702,199.445973054
234.80109176507003,221.899143623
241.99604214418,242.480485151
189.105901729013,201.268204527
225.75495534380798,232.80333576
220.525741426895,216.289095486
229.238361166945,228.628879322
237.80171188306198,249.751115434
163.97643342309098,182.780677846
195.99791426498402,200.96509073
234.61070119298802,231.678021936
262.335290717264,248.810715675
210.900689456305,222.007347052
183.283211130093,203.021726348
184.504985707989,184.477877449
188.331260850757,190.514013201
174.41427935529998,188.28336062
168.857218423023,175.050922227
205.99291302825,208.928035352
189.84792743045105,192.288728541
232.815643108946,234.966663982
206.795760245072,208.169594822
256.168792598088,248.458090589
232.265920521026,229.456128911
188.525149888449,192.563974158
155.249581042956,165.812929492
223.900064898175,228.352153056
226.96019165392002,222.14591956
175.36170606086003,184.705572316
238.287161892544,226.708068212
205.35169481755298,207.452709956
225.002619994632,223.275589878
221.17807763483998,236.270500474
232.416172804468,232.832788251
170.93822673474,187.03004516
207.720548487645,209.141557978
221.168628828326,226.436190186
225.531542720071,220.49055117
192.382056583611,193.153999535
251.90702173414502,247.260427497
202.86919422908198,213.007040288
209.35442027035901,218.662321741
202.70511479945702,209.15463593
192.715334785252,198.662517826
220.395419375802,232.967098013
181.29184145378102,186.574144361
193.58597005226898,203.74819804
153.223134043143,164.462630397
226.16802010563597,242.127401791
162.936523995759,187.986305697
218.493965948247,220.033640709
217.537774995989,212.580937059
198.115216510153,213.189031423
226.952038007216,239.840462823
221.832294667484,233.15354508
213.902310040517,216.571926367
184.955127280803,197.402935882
182.194846108829,185.198904451
189.914169210491,190.13024294
233.382803377081,237.059327136
178.539316748176,182.75501765
159.75330104394502,163.229304148
231.00195687254399,226.164118484
184.204422088074,204.033677209
195.021320906358,198.269579336
126.07443039371799,144.499674536
192.963142821762,195.37767804
172.845958390939,183.774740411
175.25023336424198,195.559682567
233.592968971579,230.696565996
248.735425269196,243.531876072
230.563639247077,230.53243155
191.99002661278303,194.015521055
226.854171794057,225.103800144
182.80730297095002,185.41585691
254.59305778852402,236.213625309
189.616058794892,193.100472997
215.612210028116,204.039592125
257.00830912757004,256.214135345
195.503573706156,206.318266404
250.16215291191398,240.060928588
199.41062255028496,203.553579401
218.115910836008,205.354401716
210.69446923069802,209.434647362
188.684648582341,192.416716662
283.357486076427,258.571790056
192.431134027243,199.583191835
222.445266804059,221.294894349
182.628818210467,188.761361047
246.158016766109,242.759841251
190.008946228875,206.871893717
230.92872218814,238.16649378
148.670268794422,163.178381537
187.861560280388,193.998683654
177.554100991807,187.12820008
197.89133819441503,199.032438911
193.32675569225398,193.118971474
193.926471027953,197.196411167
262.172734945845,252.32875276
232.00088999207298,233.899941867
188.506297303088,201.016824141
251.32134395055598,256.238517768
182.94741469365897,186.034660394
205.15747023936902,222.318060784
194.09924333058999,205.86043516
248.087380317487,237.775530198
243.57243467686905,245.429527755
166.628689594218,172.842887509
171.459126928051,174.740330553
245.234762914393,231.150832887
180.51775448297198,194.815777312
251.00191614778,254.526602379
145.791923239958,153.098281625
198.299081428273,216.707815907
303.19357666400396,278.192388558
222.993987371557,211.868938468
219.647012577677,226.704761276
200.036402642084,212.170080685
208.307173143224,202.951175124
188.775046176904,210.962219768
210.94900194102902,216.012241976
200.93100448178902,202.446942323
189.78807163369098,206.59221824
182.862788949036,175.225195565
163.304206532919,169.997306465
166.328772552032,173.197302001
179.48553241738497,185.695228467
150.003212433915,158.47748431
188.226168030498,189.624245886
233.169162178535,233.135898644
229.485361908148,227.330547572
203.413311466537,208.759328835
191.134334639488,202.547306552
188.97669794694198,207.218852704
192.41250582424098,196.065039907
234.221999908704,229.050872364
192.136893862986,210.028820914
219.347928257075,210.037064699
230.773870502914,240.874287586
192.488069410132,192.494860801
203.172337516582,202.611958463
211.013835453387,214.454762955
173.39172327604402,186.678941262
230.85031757220798,226.769531118
172.086004486204,187.521840613
204.38024239933102,203.433438736
200.86377601117002,216.82375953
201.792249551757,206.484349533
206.07033126828802,223.891565746
118.799467353348,133.531213483
194.92128388813,191.920918679
239.021368134407,242.433926672
173.93851358371998,183.294232221
226.340583529138,232.973200594
229.822235696001,228.022771407
182.859125717091,189.350362113
163.75950870620198,171.151126037
182.672563138318,192.641355208
178.596314331179,186.023447983
177.12949591897998,189.375581232
244.693631395464,236.461363715
201.19878833429001,206.780510155
225.29131313748002,224.107876143
194.006454721748,203.259431885
221.28084688042802,221.147165044
246.771979499188,241.563413296
227.393731461002,228.750631754
186.63892476736999,194.65055719
184.78793388344798,221.888421075
185.92181749672199,178.181572129
244.463078984813,235.242474363
208.715011634677,222.579788783
264.216965352736,263.708250891
172.05132058933202,194.526092697
203.855800392685,212.049646399
212.60958386092202,213.837273047
199.628769761828,202.759622475
173.42569874087604,178.325607664
218.023788951913,226.838604036
250.273854442787,250.62108859
257.161184239315,263.656001376
179.703652260488,182.422431125
180.92531237364202,186.39101214
182.198852364316,188.596728342
206.262415697084,217.932948807
162.559074117217,190.665725644
216.38807472113098,221.259311144
190.520397623896,200.901142667
214.808203344553,220.791313699
187.230582170383,195.115875931
189.739365165356,200.627895519
180.36124871896598,193.577435297
200.28874560457905,209.939271261
215.478980453535,221.382432118
193.83604325551102,196.59483848
181.31526884938802,184.155526293
203.30611491009,201.715816621
195.629649866787,209.775225713
213.714802656925,210.781879065
223.68872217890487,223.707222062
204.303900572798,207.003879631
184.76749349722098,185.493103347
207.903923162187,214.157973137
203.654608670372,210.112184516
233.348045520678,218.435752122
216.819718043494,217.271927469
262.861388045703,248.602354249
262.890097206567,254.112124286
211.41803095811798,211.622604008
230.131770721567,223.245958743
255.707579010552,258.297089045
236.488309620403,245.734352944
245.491891131541,244.622622769
243.300067272752,244.504968871
220.172971068956,233.784204026
238.58228193796901,245.976279579
242.170673179183,234.215079187
168.162207657429,175.183657667
190.57517148049598,192.228456376
193.875432800723,201.194413309
218.125330442505,225.597602643
183.00939045268998,188.980668888
187.68111802012,192.368109532
213.821118312341,218.015687438
208.45467042699002,217.419746466
188.572287441029,192.080983441
223.51410343837296,215.568104422
179.316064013405,189.777095828
187.066649373657,191.857784964
187.574126215361,199.471667219
199.981157868765,204.217321017
165.510895130303,172.253158182
217.35828998125302,219.203000441
205.344494356892,205.638756386
175.957856621557,176.881860381
182.23570411177502,203.029410581
224.265386029024,234.093924738
196.92815571844798,199.739711767
169.135074593545,173.327934357
227.38781189691602,217.294091212
182.618636674836,189.635993539
192.321679245246,185.954045113
196.410540189583,196.583913216
195.32786135540798,203.220275337
203.53303420854098,215.637003245
183.38831357816798,196.484360368
217.375534878058,224.071939814
224.672044286742,230.833284535
235.56115815739497,246.217818067
238.086026570775,239.463264505
182.21368446501896,190.376857729
189.77376354580602,205.386865675
236.73080218521199,234.682793926
212.369302760888,215.03985966
192.346149171605,204.320420981
169.620248862212,173.480890283
157.672748815853,170.644063583
210.851681327187,205.791758475
196.553416627786,191.818738311
180.927803540154,183.95895773
175.155142605588,193.778384531
196.82766414001,195.53455437
191.857202762724,188.495712771
181.44991234238998,183.421162146
184.417610658688,191.95770706
207.693815216691,211.357559647
255.17980214215302,234.351108253
205.99675741241,206.621512492
201.04721731037398,227.817584792
211.896516754299,213.792657171
193.97745860889,201.610536646
209.44254058472998,207.685426919
170.999220701951,178.551776765
308.680982827687,305.375485401
142.974904040341,165.528788798
146.63996566228099,162.932116869
182.139309514319,186.647123174
160.196223215744,173.256784971
229.199483638609,230.047888512
223.651100271722,222.246564028
243.74482095988097,234.910978484
234.50332723331402,222.312803099
179.968785480587,182.634079727
224.630149550368,225.827977789
222.322469324787,223.20735358
254.95039822695801,249.101301487
220.48140940145802,230.225489508
219.599689489157,221.869082263
228.849595602305,238.847175452
