224.28952504807003,242.837068432
187.349020442518,195.8140532
246.314873689346,241.788595603
186.73891054830293,196.49050713
201.704208177182,216.034228868
194.83781379982798,190.851046094
241.152538031617,248.450523289
204.14477632325298,212.103524224
155.980123046546,163.721670289
231.34978518081402,224.800525507
174.592461061601,176.308410603
185.52160531139998,203.546667964
165.654012792911,171.867488307
222.316577694613,228.158540933
225.13627144694087,221.227812087
252.951455901292,233.024023493
210.739939520097,220.242074196
242.06046253908002,237.613934277
248.397969342154,242.547942381
183.14316738381302,186.382291696
200.81515968611598,203.182526515
267.818479869572,253.068006172
206.34380633933102,220.268010778
201.836695531727,208.16657149
231.582156262487,234.917818518
149.176173612936,168.270731532
263.061743086089,253.947330864
193.15179445663503,207.511809923
188.914022394039,193.15744438
202.098391568274,208.486151069
231.629872223593,235.242343977
187.870260114786,203.600807722
293.069230475038,267.141777552
272.117135470295,256.124941788
248.672065633015,245.815696597
195.745168503012,204.568804156
195.605702308102,203.721638736
196.582150054204,207.522142308
229.590278418009,241.029802433
218.472836564208,225.034271297
214.28747691809104,219.43915311
199.11094310675,207.553956302
218.01855513023202,225.03109152
189.150119975639,197.402846942
185.036449634507,198.498728877
241.411996057687,238.622364655
211.478925856656,207.227547751
231.321443503064,239.834591128
241.73194487656602,229.413429524
228.156401174746,241.712948642
231.460338535788,231.609747421
212.281856803113,224.378539188
123.12462716043801,136.436083484
165.750860647366,188.902760657
200.07511390868999,203.033555055
231.638676675741,239.714328587
163.946405022241,174.011632582
217.774986138414,212.087024147
252.171169291446,240.179461963
197.756813188222,193.656143337
212.426762115405,224.823664352
201.89055080361402,207.944514514
188.503447698466,196.522803901
224.23687604754696,225.679504585
201.13772306363498,207.457347506
201.985782062772,215.598363226
178.96914483432,180.514387173
214.057600485066,229.6899751
205.494233015201,212.872192714
262.222565510381,255.231172015
215.950985726739,210.759963587
165.875801752978,182.436122719
214.033888750868,218.718143535
278.305584371737,276.817826242
273.773279047368,255.997135576
196.204957285173,195.299595206
224.807320904789,218.48481017
222.95190490812598,227.068621627
209.990392074975,219.746134281
174.41998183399605,173.568897333
184.170066866758,185.736155927
172.75494930245603,191.655882483
203.84080212982602,213.747741945
240.99662704367995,236.907446696
171.766396981341,184.405050568
216.11639779127398,222.405692797
152.78836376455098,183.516200766
226.098466500139,216.071607119
175.80448208799095,193.21896151
305.440564819818,278.35668947
189.364951265099,194.888683496
243.19256086726898,232.849023312
172.01541730218102,187.147703237
197.541356394799,222.614319123
235.604574890483,231.35514357
214.13520931894797,218.944806381
197.69176322722,215.795148234
199.63132046651,207.475663931
165.510895130303,172.253158182
227.131576622524,231.506431127
207.204435443844,210.214845038
175.102335823087,179.589189732
201.87309159896702,202.856645922
199.576792070182,209.541365508
214.52186448247897,223.51859041
299.424150171727,286.281598117
250.894677436278,252.75160253
242.097508532323,241.18582153
201.717820887128,201.085565544
203.76021835526402,196.642017459
269.93592470053,269.142364002
205.74323582901403,217.587486569
209.48363461409699,240.393752103
220.499896323284,227.798469
190.48350278597198,189.467728641
163.04527234488398,178.757532842
194.558981993188,200.002190269
172.016455715354,172.442925884
178.293797809436,170.077752681
184.16435648179,186.304273591
209.75833267429297,217.04571635
185.84097033027697,204.628748038
195.035585658854,202.114162523
188.310434774492,197.141298412
180.050803788251,180.529952455
254.291257676104,248.518481207
233.13852213026686,247.638741391
213.952835863307,218.923181686
193.633184179474,213.094139261
261.727322301222,251.070671047
185.078994158288,198.843586196
185.755174907103,203.146998688
189.854961957033,194.282689872
213.667845662628,217.355067825
193.825599324859,194.297170854
197.469072226715,207.582759203
185.79207703054686,188.00103708
246.563531798905,228.063701392
218.739086462914,223.733159055
162.818078101765,184.706607745
203.31596985163398,213.550819969
186.282154742108,202.367522738
181.11613148459202,187.032196533
205.17692673259103,208.581321256
215.41077838859601,213.554490312
235.668007099411,235.96467241
207.887493291133,208.431194264
185.957455793616,200.415245022
134.123419828881,143.714186381
186.264227707993,186.064084837
202.895098411787,204.745260368
188.78590618629903,193.734480019
201.08153998653702,203.164307325
234.25028621457997,235.412879232
262.881451802342,260.430226877
187.330353910229,190.417342567
211.39640465045503,219.135177402
233.566051369043,233.596845029
239.61388272292305,244.408467232
187.004746098827,196.7816091
186.137515122445,186.927446706
227.659680315705,227.648951287
199.83218443915402,200.595901857
205.583973082696,226.886367759
131.62989156717398,154.331408965
208.867155248583,204.165078149
232.88599742301201,230.98289058
191.03665393767,198.908342679
210.40481160498,212.746175055
156.777505286035,180.273690109
176.77787409652697,180.149970013
231.225381606378,239.504388612
218.585850847685,228.471294334
196.107588821906,205.172066256
173.857378500518,178.094295328
168.324752580361,169.894261193
185.917809157741,196.583557677
154.97431983817302,161.822343229
247.71095531840302,240.118744137
226.668685163862,228.257070205
186.60070121518902,189.078796338
199.540459628109,198.662477439
192.66584527796797,192.489943119
210.03848278523893,210.969477003
185.83153258155602,188.357540182
204.559648694778,200.759335324
201.38385617756904,209.669432812
184.77011413575298,189.48442077
252.421387158706,238.667408639
207.112657066527,217.777367835
241.14568556906002,232.058042543
204.64999462541002,203.561561646
238.806235678279,240.550525796
209.62774563797402,216.401495601
246.31580274333803,242.62439013
243.211928609278,240.265879567
224.531949306898,220.973004301
205.24602553304905,212.026973061
188.263914598774,228.486542518
191.221943750359,197.447374585
218.34398681123002,222.274489864
208.172133747109,223.827561093
230.45768271048598,231.508258312
173.42166006911702,183.112333517
195.739699142886,201.046987185
227.624555378357,226.428309597
169.657097903296,174.481461383
218.453474370429,213.775739082
221.832039270039,220.918973927
181.501149829808,181.416103788
208.879152525907,223.52323163
240.88377806095002,241.108800799
210.38191944132402,228.6971322
197.374083618125,211.702902327
194.246874045531,221.640199946
194.806103176818,214.10938323
196.868206619365,220.140394732
196.020985768164,214.092760362
254.210641808218,252.238787949
172.31898046802,180.665124822
184.206779998197,208.886999877
170.752880794706,206.638920932
216.455890546918,217.104789716
219.33354393545105,220.69820999
194.21258628342602,209.33020757
223.708585788273,221.361653621
205.488426563665,205.62511353
206.804307167156,222.326965711
270.114197739604,247.737572583
172.61682260839802,177.348631168
216.171206788527,213.347071655
177.080822120927,176.778280175
186.721567065355,190.7103702
276.215909178453,277.881724832
190.478146156222,212.455802756
208.676658216548,206.43232501
203.190622097013,210.250247952
184.067312478468,191.382294464
239.792190835437,278.218742489
215.416571871657,228.229567532
213.737630629756,220.373120476
237.61307592247002,259.346229449
184.567495534337,193.615168904
222.651844615518,224.79955208
227.259193897938,232.091631298
189.104261094109,194.51111496
237.536110068425,229.397327859
188.49272996944302,188.640891334
183.006446296906,198.581240453
208.712056741969,225.820788725
185.46053391945802,193.473195135
168.073634693092,175.176943003
220.450815327902,230.503882252
271.242514759099,286.655623894
195.021257686976,198.064104807
204.69292099997398,210.622134828
214.59632053439998,224.397570294
216.560480440253,212.971843177
206.502189823482,215.287564889
223.517126510456,235.785295347
249.596901613525,232.728699249
216.377178058096,216.169761112
212.02370823889703,217.302179322
239.30654887472699,235.32304963
197.66828184782105,207.425132638
195.713121052847,207.85881637
152.28692049096398,161.311879852
165.405088956823,174.156079922
148.774892066093,155.186515315
205.01711662846802,218.723865636
218.99673020787301,225.661286487
200.928831249903,210.030731365
203.223122034276,209.277625526
161.93349310227,181.543466705
228.76898525295502,232.973734109
197.810454567976,203.586661032
210.12156130053398,216.32297717
202.979336885596,214.139571754
233.78982539049,261.707372543
209.34005862713693,201.801771716
189.100452537422,189.112748047
180.294016853042,195.82199129
212.152860192538,220.406172693
221.199140486577,229.493063931
182.38707605196998,181.223230535
197.836259856642,204.815451811
196.04082042892503,208.64490861
194.58091805144798,195.003901568
175.84928534011001,180.8083135
248.60980420313,240.137655884
234.60092341193402,242.484392946
136.001924337366,149.199063518
238.595494311731,223.732491287
298.670587402444,264.315300079
176.892427348043,185.865784228
219.34505426729302,224.790150455
236.14007696671,230.481931714
205.448316846241,200.511818544
165.24672493458098,184.349556188
199.707575070425,202.63172988
196.23004188885503,208.434499218
258.165702666884,256.697901195
139.70026505956002,152.233571044
207.951844152608,213.195354048
217.687937210411,215.517991117
227.079464421844,237.51065222
195.046457564815,215.946299796
211.43346953227402,222.059263725
192.183581083312,187.970254117
195.52447799093102,194.109781667
198.931544883343,198.589653396
257.13887894291804,255.601787898
245.559125160626,249.352122635
190.195454890185,203.838434177
262.761651986295,259.13033606
209.444218204793,219.799771928
236.23796930427997,239.469410923
196.837062420998,194.887860372
207.788360532236,222.71729457
221.445935563,229.203255279
215.419770672238,221.157379926
183.36806362239705,188.337496625
202.36379884779203,208.855360697
270.136638653644,247.968773583
181.91280783096698,198.53530964
223.46033711679297,218.352604859
212.369302760888,215.03985966
190.64822563107103,193.459214422
233.502725768955,234.887437824
207.86721278322705,217.082642872
249.402653100553,280.979832351
295.716173939023,290.862605441
201.442920945473,206.073211221
224.55248050599602,230.319707581
247.25382376109798,241.215969632
248.56158449472,245.257660236
254.857669755573,241.460885056
176.428323183919,186.195220182
161.590924730888,184.97995594
209.88828662880002,210.469961646
205.082291918413,211.289183469
201.672374359598,195.688271447
228.61029444311,232.695127199
89.3644844399669,108.0833965
208.415217461788,220.969213639
228.625902156519,225.538249672
176.01916821248298,194.882430631
218.489441674118,248.156052359
177.591258191812,191.191226649
204.855958359719,215.084109587
184.11581322321098,186.74684511
189.26990683924802,192.372415608
273.4511431189,266.402139104
233.22287787169896,237.383920297
226.279794536496,228.89398005
203.70367371179,210.681492902
204.05719818068198,207.962395454
224.31704679254003,219.216711842
209.591682055251,216.043545796
209.819496527883,211.204103406
197.40235643807802,207.856047766
190.639325585615,189.598840913
221.806997198712,218.046782469
217.229339347584,221.105133053
177.666229698358,188.109863666
312.778330551932,285.050323742
163.119891839096,169.177391117
185.146963211637,183.722378098
246.70977250076598,244.432093697
188.757531220848,184.728081717
212.79890928416302,212.248771235
210.46156021389,211.234112234
189.16116160346402,197.82598979
169.085277453446,194.887499037
212.369302760888,215.03985966
199.26951271798697,216.578611982
216.33529259589,209.917201423
190.21679344846402,188.478535747
218.32020397645698,235.49761206
246.836208827161,242.774728216
251.051700407548,248.028432095
205.010555912411,206.558381963
199.890681334686,216.681172124
152.629766430065,183.666324106
263.432914137589,262.704793001
207.71253273050598,205.947260617
207.134626744975,209.287305638
200.27762065289397,207.692072514
220.019851932617,214.920519767
175.110047636468,196.433164187
199.593832302366,208.859082279
226.891995109283,229.8479443
186.273238062375,187.395838169
176.607190922094,179.910988107
239.26930398978698,232.884436072
191.145808776557,193.007686317
229.568736076524,227.486995865
199.97803254422905,202.451159815
200.179413238034,195.936635689
192.507142915648,189.009351809
220.818042237942,232.991090427
199.38996205097402,192.262840754
174.997391078773,175.845584474
220.056639826641,221.549141589
197.40805056761397,213.896725567
211.69264879495202,201.843288967
220.21716848967003,218.467198279
207.582597839927,205.778127618
247.144192147065,246.216318402
246.95211979576197,251.750649875
164.672733878799,166.569342231
187.42258476128004,183.47089278
162.94172453763,174.236726949
176.31447875903405,177.576289198
167.180947285506,170.244843853
219.64839109369493,215.58887127
178.394662440379,191.214650793
210.42720382545798,207.519025433
254.338359283484,231.153159346
230.093620623346,226.881413618
177.94213386639404,169.129039271
208.698065479249,215.951925062
258.18992925171,243.602789192
200.067493068691,203.538554508
200.689299968265,215.709900214
166.89567812191,201.30063248
172.200617338466,175.771176465
202.71728913973203,203.828416729
264.21008614279,259.431532597
194.124408455644,193.720421269
231.980127659907,231.353049019
214.03829035193297,224.931799254
186.744886727545,198.766160246
214.084869216829,218.35562504
239.758761240822,236.462792165
136.549819498429,150.643451606
244.365140951688,235.736603697
229.632877488037,231.491894428
273.622913899252,267.193084256
214.870616448226,206.554266061
229.50932814346905,229.947864116
190.428007927436,191.1221091
189.054773496097,205.623027548
201.854129473503,218.561759445
208.553103374904,215.85103849
152.196264494785,160.996461804
284.543196655248,267.332421261
187.45302736721905,199.515226278
215.884902276892,228.1909702
228.712903830294,233.08828476
249.16355308172,256.509431825
249.452063469614,241.704690715
235.606997308232,226.142167771
230.87968719127602,243.297695469
241.50590379875598,241.52514831
192.538290522289,216.369393568
205.834893867727,217.153851534
253.142563944758,251.490085103
223.84025940646,231.950643589
251.312638115864,271.04048467
207.40629425700905,212.671928312
188.087177007105,206.608341933
237.59753299383,240.945263418
235.552328393116,248.036049617
212.13014420855703,228.582145436
211.983919692202,220.729660716
195.860909235853,198.779657885
232.493130224623,236.509919425
195.385940186142,202.793544483
194.278292800303,202.982821622
219.228451583621,221.679194137
165.370837025628,179.932468275
189.462067172911,206.998112495
176.68791832996,192.086917876
167.150487035279,198.380174243
193.74699905394002,205.177345484
161.012136546546,163.946898166
171.781846839348,185.691998146
159.41408017707,184.463995266
114.269777325546,135.137042023
180.236672827065,194.953646309
195.515826455066,202.877154849
161.359059165497,171.329073133
213.615737600911,216.527866836
215.10029196648705,223.953527376
202.57462658075198,210.328329655
164.824676944999,176.130519621
153.347567193733,172.833555421
154.89116618253001,167.445768961
145.154648659538,158.503058348
206.85004398933202,208.02887617
166.695831612518,181.589898506
194.800359680745,214.195001929
184.83953398933997,193.34631277
194.57542555570203,207.631335361
197.814652308415,203.969099629
200.323764249343,214.251936885
217.578701769731,231.726249091
199.840913380321,220.408469069
217.257004655931,224.552345004
216.974448657022,212.618438537
222.05767594814893,226.071080655
248.28661952099498,252.707677721
206.397195626811,203.07119098
232.581386561829,229.759988174
193.92266980632093,195.627500515
254.339785555319,239.718062481
234.803757181943,228.396932987
219.066767374697,221.856180261
187.994904567984,196.043597268
186.383710702068,202.049074519
199.78339105423302,206.410352768
252.587667774179,242.165750636
226.458252059521,232.872129133
186.963842605359,199.212329954
223.027860634941,223.293391316
269.593991771302,288.873188383
215.70233062241402,217.01323193
217.65995969934897,223.956724951
202.549425661323,204.102653432
182.766490878404,206.196094085
191.060125663317,196.190640593
169.219419779729,174.23678064
184.62003395145402,188.326512337
212.334294869375,213.864348043
239.835390864426,239.683370161
192.412425084516,195.038252003
187.27657720785086,198.169912453
211.397014617642,219.770330293
238.221157227614,224.942491776
155.54983599973,163.872547191
207.54944652351296,210.638760516
178.474074429001,190.342307853
177.12949591897996,189.375581232
144.016714423279,149.360575639
182.400649724482,181.679999094
193.132575114781,199.083210927
187.668816597447,193.959427044
195.991091647394,212.022738514
230.217874079757,234.826578774
182.143670099327,201.490175931
211.963908711169,218.62198142
189.195483450509,195.571064373
198.331102752711,215.971337017
236.222794769488,236.248340607
215.284193846399,217.539787528
205.200905761357,212.605312965
181.410709355606,188.717994805
190.859320824605,186.30301645
192.36406411738,203.81244377
202.077462897333,214.297319206
210.308474046174,207.370369576
191.02715079383597,192.664298938
198.591809151282,198.112602663
262.742037105942,252.312066208
173.675082168476,176.154467641
171.558430673777,178.108479281
248.821560196384,232.778378665
200.0354394932,202.97123984
207.404848457869,212.257876616
179.632537421474,181.498732668
232.057561268557,235.795371732
169.45698998407101,186.564205752
243.74597068147202,241.541545298
207.895070453494,206.28053481
212.017628528316,218.419904721
145.35778537508997,168.096660158
169.361665736851,169.111510665
208.64590959389,217.940320619
193.81171468429798,195.442028868
210.70937969771302,236.672392155
239.870864577687,235.694049433
161.232718642689,171.33682748
79.5035651589883,99.2124093441
212.361774068506,213.759965272
234.111291818122,236.71314349
283.970476513916,263.205667797
220.44031879904,207.504214174
211.31188325506199,214.744443104
199.316248513255,228.511082856
180.87567833590904,201.280940989
231.65812169560903,229.933868288
223.60316663181305,221.7541866
169.134912005,177.177392356
194.172916371115,197.376865723
238.291913243183,231.003777403
246.45169856652905,254.358146815
246.770700075728,241.789582598
253.501430453232,251.267271565
247.01204639191002,249.339974798
229.89715159026798,229.684084426
188.803495549762,188.002593537
205.510820494903,211.269945557
253.062773772228,247.855887976
150.73221910258601,159.724544328
230.003101997222,231.931086125
249.97562923017003,246.693812818
240.00128826472198,244.493344307
209.428078374189,215.357978432
210.374427167019,221.389609503
218.323207021412,228.607200502
167.240018287231,180.347379602
236.201157399274,243.105572937
244.478309803558,243.13176666
262.730922015803,250.273395448
140.958583301788,156.522231342
201.632935878903,207.580425888
182.30390485393286,185.489091094
232.68455471489398,234.488661202
238.35739651965,243.418244032
215.24753842974602,214.941151345
193.048099505198,202.324248795
236.813739864166,232.962457648
196.66278668613498,207.980352514
207.665300392158,211.34707067
201.414698152338,213.109280525
196.243538312728,198.296839839
230.17166886603002,231.263999091
240.930687503861,232.194892051
178.221993369099,202.632393364
181.144378910661,194.988125037
209.043080718741,213.524519039
259.960944595218,263.249626577
185.784488289295,189.807393516
185.245134183451,185.773738881
190.462568689219,186.886771901
174.70734619323397,180.100835366
164.737897663389,177.183594829
183.458048093778,184.648675211
199.095504171608,195.204029779
190.136664730026,186.146193561
242.4778542512,244.064841094
237.510200288376,234.859749341
235.70227950743302,228.874978299
214.912922056045,223.312359867
190.94698342886002,198.747742601
222.37880819716202,230.386245249
215.84961471847402,220.901833327
179.31075514513802,193.291847491
214.38135095963293,217.975053875
276.22156188266604,273.418800621
188.312945544635,199.808188622
235.384032505376,227.826012196
230.657878556912,232.246092897
194.851168900386,206.643430203
210.75828033898202,209.043358546
212.90855443856304,222.78292965
189.25577238227402,185.603748517
229.113590272958,234.340283337
200.10020926366101,222.644946015
209.589564920827,209.256369644
263.423744284287,256.23889538
237.368696736488,242.889035909
231.83359476262,223.536934506
208.913359533759,225.592920722
187.932915775204,195.065997708
154.28624329808,178.961497109
204.007435761975,203.566871597
200.53553343892102,200.88477727
238.795472248658,245.171880861
219.378782143923,225.623742384
221.567031218279,221.841720243
165.207370434085,181.305758722
236.28140163796002,235.420125322
226.83931237123696,230.269332997
242.06184250597,244.091881593
228.02656149427003,225.701841819
238.836896972236,238.181100247
229.776807144785,233.363735582
237.562311345987,238.044425789
208.38879609482498,212.529170629
216.754670435032,219.577228773
178.573869878284,189.504507518
189.860108664983,192.220030853
203.588473044569,204.410323838
197.76816019211003,195.619839588
177.638256832899,197.331404713
228.183540318519,232.523951232
204.56173050922402,221.537679037
283.26171254180804,263.587241368
182.02146382343602,183.870672245
180.302586290783,181.931001267
192.840707951769,201.733616437
227.988745428648,224.375048492
205.51318254384896,203.04930989
190.71543187988,201.612771295
219.80224273140098,219.203898628
191.056726355845,196.952327735
234.05189823383998,230.307749881
265.070095269366,253.993213383
200.192451956829,207.85588083
210.369413530923,207.525855877
181.617272766698,186.483059976
237.51605186036,229.626082209
261.535611488038,254.600746395
202.906926546264,187.24267585
200.292707063762,212.768758951
177.97205430051704,192.990996001
164.027404906475,169.007412442
178.28489926104197,181.36406197
233.59520519434503,237.491565729
212.74210470542,226.130171163
251.24961358758202,250.591035104
171.309791021586,178.273298781
181.86408972743303,184.414762838
238.21046822908002,246.328372888
251.58562328851002,253.61354857
228.092573429319,232.632616318
171.773459684895,200.461425384
199.28008567336602,210.895807435
208.336252507121,213.416457349
191.780457070584,203.480665208
195.146992244656,210.196020172
227.32072960904702,235.394568499
206.442829450322,213.185621634
204.91713089699687,204.547417234
208.68229568222802,218.520131504
203.94690030970798,203.936272058
205.414481077734,204.793426047
182.165143871026,177.236007085
236.853706054266,245.828179245
282.01523967334,262.480970744
238.674890879546,240.331382452
192.69652625704103,188.463480552
215.88556194213902,220.242949383
202.235243391644,212.806816097
197.263689191932,191.320126862
255.39540592577487,242.555409681
239.627424380196,232.814476377
208.33530337818297,205.942388942
206.84709804528998,220.9170987
255.345198367336,251.043066647
215.967033786371,213.085783976
159.92799141049602,169.94082878
189.100279090953,190.811710998
244.47486754279203,234.197676168
285.565081579599,261.526528112
197.23588966947497,204.578097293
206.56859271548,205.119127364
178.005872328568,183.918210727
263.33820297730097,263.311056719
183.944727293926,186.336898556
227.34877103976,209.147041946
192.885337947358,190.168661187
205.10241822930598,223.788017217
206.28040459884102,215.522376802
212.369302760888,215.03985966
187.75574602097697,191.837380033
205.80595654160598,203.710285961
264.176875406113,267.065073769
204.02762244159803,209.190671204
206.792809050185,199.756875535
177.12949591897996,189.375581232
275.164003127956,262.601555998
193.41222105081687,198.77827444
189.36482023574402,183.841648134
169.164586082454,177.925637412
198.474410852701,211.15596726
177.242640252142,185.975434414
239.881384348839,246.705125558
240.362333189884,234.426999591
190.029558932718,188.411468965
190.85065770354302,193.15516402
178.36710578563702,201.49687584
201.160920976176,213.241545639
225.17641269340402,239.160869151
223.014238404408,242.45412089
142.974904040341,165.528788798
183.841093694575,196.217740634
