214.155135991715,231.688915947
181.76657679276198,189.805697409
245.110642442261,239.718175641
180.992387305279,190.224456232
196.78240042567,207.064837911
187.718864487892,189.004603476
242.659066168433,242.806246739
199.43768138656102,205.606503916
152.429739837764,158.518325811
233.073361160919,223.709163871
175.44746098808102,173.245214929
178.194502350233,192.995494365
162.318251245643,166.874092767
216.782365698022,221.984409305
225.717239595478,219.666972687
251.387645309345,235.956737509
206.33287217557896,212.398967521
241.05444905899398,235.851052993
242.724744296636,239.546292115
178.17070568751097,182.079997624
198.957430860777,199.594848541
272.873689655534,255.414300133
200.042740742938,211.77795122
196.35038981021,201.575867383
231.723464502628,229.112410333
141.91803440986,157.762877498
260.800236023458,253.284027841
189.47518884266304,199.44112807
183.57615383493,187.475001644
199.141616721274,202.540762278
229.39667115204398,230.183727189
181.55197989473598,193.634523329
303.82238952668,273.289626424
279.094475792419,259.03951479
249.531876197985,243.669476745
192.73882123985905,197.489278294
188.47370036502602,196.801668323
191.806140588154,200.782552159
226.63797985602798,233.614906652
214.113771377733,219.049962045
202.582625409991,213.651457304
193.17661391306493,200.588453669
212.562832188369,219.248664064
185.301146444729,191.561866092
182.271055795905,190.426608066
239.132236806568,235.837764366
212.012262638383,205.771858745
228.684065445625,233.085078025
242.24554715578486,230.257196288
220.545312480822,232.082470255
223.716053563851,226.721589733
208.58440014260398,216.719620733
118.764523998161,128.645423147
156.072772305907,176.842169734
199.621828973038,198.85250335
224.15051830671902,232.375010175
166.633446305081,168.038533052
217.91343905418896,211.235332934
249.297068371593,240.720712377
196.717363823901,192.529940213
202.482271456501,216.083449141
201.746498716371,203.459793939
182.84774465755902,189.391504806
223.90266375059798,220.853790495
197.287160489637,202.128567069
189.953368780069,206.195877912
174.367288092765,176.735686802
204.21904626304,219.347707006
200.544202681054,205.861016753
262.42333313308103,253.584393613
212.340289224095,208.872335602
160.468181685007,172.761044862
206.97811120576802,213.059139145
276.26000869266005,273.373832509
279.35460431064604,259.982835386
194.14447706869598,192.559961559
222.664426055827,217.89786681
218.261322184426,221.961734109
204.99914148928002,212.54261067
177.00071724358997,171.967817918
182.02368096100497,181.767402559
164.27721709671698,180.867519664
200.587050366597,207.164983874
239.811067608498,234.437074297
168.36210506895299,176.650402655
213.503182616931,216.485247438
139.874131651,168.039921808
225.67072584461,216.407177904
167.024473445202,182.473758296
318.130453270309,285.725487202
180.59656663889598,188.81734272
243.76555048517898,233.786110133
166.30779420048,177.452405684
185.856205960086,208.63456604
236.588523904517,229.595416714
208.706643601522,213.249763657
188.32250271626,205.159979448
198.05767969840198,201.454121003
165.051399200341,166.791099491
223.655103450624,226.917595884
205.103608472751,206.699441408
172.228173369967,174.426104882
202.112969756492,199.948270604
192.950633354427,201.957803252
209.66831723589402,215.671047241
304.80867247309897,288.07023853
244.362679260043,247.802019745
242.249560316859,238.264200255
199.84431578758802,197.90623227
207.15577324393502,196.796413464
266.267651727203,265.581191623
199.624644121724,209.651803913
195.877475267586,223.950577353
216.735876594572,221.776547074
181.018050290167,185.9106485
154.60381980597901,169.867358107
189.00227988847087,194.130933779
173.32989583956902,170.040642496
179.833236919357,170.357844661
179.79193089230702,182.281826935
203.64663679379902,210.318855418
175.11414587123298,193.64759424
194.079299127002,196.763060236
182.43341288961201,190.191608095
176.548989730741,177.590271013
250.367499314841,245.931892461
228.665443248638,239.338843007
208.702785383863,213.524118678
188.159977705965,201.962502514
263.667803872122,251.639103074
181.396689048209,190.732163894
181.564445179663,193.439236807
186.106684414221,189.615864943
206.953696526293,211.957467412
188.029055968329,190.652017319
191.47853264544798,199.75532284
183.11936853723304,183.938661736
253.99704730675705,232.251307855
212.854873726251,217.910753803
151.325004675818,173.166181292
196.55372965148499,205.788295384
175.99919982533,191.688247167
174.316346394755,181.354954442
200.089835835534,203.743190105
211.502002570057,210.947018815
231.477258081509,231.344426978
207.24392913401687,205.858064988
184.41181789628502,192.537195658
124.153227354885,135.879302753
186.232422871014,182.928953731
200.199121230852,201.007436498
182.720004461118,188.293155336
200.923556713691,199.284852651
231.912583002285,231.252423323
258.99622127585303,256.487050024
180.669556268728,185.246847244
205.24071622771197,212.106857874
231.28793136126,229.510464334
237.905510800065,239.216435723
182.75208552683998,189.631363134
187.37331558641003,184.224060404
229.600516541433,223.93790574
198.197180704209,196.444002684
189.56221569349,213.918521463
122.975010691407,142.828881098
206.844624382361,202.41796117
228.678766242007,227.773865856
186.424121871595,192.498346077
206.745591468165,208.347347314
151.897556534561,169.114985921
174.975870722597,175.673424977
224.392181224638,231.704346428
215.315744356432,220.381683052
190.131061015734,198.060724514
167.367317390189,173.314705659
164.87563364515802,166.504410615
185.52675038273398,189.616412091
145.269878062303,155.55248429
248.778641286316,239.034768624
221.23621831062096,223.749689147
187.834717199315,185.49173628
197.292853877622,195.835489027
189.063038803817,189.523237298
205.565480027029,206.988866072
181.636557680725,184.225137999
205.030035309888,199.631228239
192.224391963045,202.718645609
179.431788360778,183.74719389
248.272013580346,239.230287224
201.997401055584,210.168781855
243.897912921015,232.140409507
202.058787097053,199.909399541
225.096775555066,233.788311908
209.185992660152,211.421831671
242.53920925531799,240.326189432
239.34046346928798,237.077515978
222.684733811584,218.679452317
196.48998802088798,205.967387546
177.591985982226,208.709013915
187.91660652460098,192.601082122
217.64496916531002,218.093525097
204.078460182757,214.232903159
225.617825991132,227.630998594
168.919464658952,176.059093892
190.741777871164,195.692392316
224.227257871186,223.031229228
167.768258496637,169.989055773
218.17898238896302,211.945606928
222.929094496679,217.649311845
181.521493639546,179.05655352
201.15927697334598,214.034736709
237.290184636553,236.260433589
197.36749414495702,216.481616165
188.501944891963,202.393235212
181.31454770305302,206.882501006
188.86318260671,203.655128606
185.66371625618697,207.142286849
186.497478544482,202.83889516
255.255297241024,249.835851845
166.24201100494,173.905405006
176.518650563079,195.844797584
157.712564340229,188.155933241
212.913248573367,213.514388884
214.51811472561198,216.292829365
183.64067417725602,198.853327286
217.64141803572,218.140334887
204.082984585834,201.874490806
202.53440838300597,212.787766157
274.18982489480703,252.350231317
170.461302526737,172.686650298
213.581902381292,211.37135641
176.468450774277,173.960190932
184.929817578476,186.210408273
274.169462050561,272.967341287
182.81103591073003,200.555819965
207.293541058549,204.251043134
197.811810656143,204.221333666
178.52710840717398,185.182895622
230.58944554746898,257.694015202
209.802012345799,219.794937418
205.67630339462602,212.942869051
232.52744890246498,247.398677158
178.645849020126,187.193468582
221.715402157298,221.023573617
229.585200166194,226.882573387
191.728447966125,190.481028114
246.51726996411,229.901871575
185.17447228470797,185.461827471
173.16949045823398,189.11624929
195.766762824769,214.898116016
176.4729568522,185.951245518
162.947224431164,169.657571817
216.00855944374598,222.975045796
261.393790066941,275.436512888
193.321258867127,194.133000258
199.184578177041,204.574441743
208.480645599028,216.88867201
216.159378219563,210.497547242
198.677043497707,208.659002597
221.54643108775903,227.734720857
250.544750754128,235.559118397
213.22225528548,212.640479281
209.596059540242,211.164588076
239.56372253813402,233.685585141
188.38885960702,199.707911387
187.254016300575,199.502374813
146.407603678997,154.683309914
157.979373621802,167.395019592
146.935408391834,150.535313423
198.404592616618,209.908209807
210.72426286305802,218.563821217
192.329737467514,201.97335246
194.30739977565798,202.999080788
154.839688460715,170.630134771
226.925003556091,227.64235169
193.327581914239,197.959896739
204.03359738748,210.186436652
198.81082206758,206.672633717
218.244689768591,246.972009765
207.582181456889,201.127176595
184.609495971426,185.84768188
177.901769197769,187.346435966
204.070669300838,213.188246552
216.989281620449,222.482464177
178.06561255269798,178.110557567
193.162861784169,198.538379826
194.01670607516,201.298795937
192.78148582344798,192.136575402
175.051514386083,177.181037873
246.16949119194402,239.05845858
227.951258246508,234.63815548
132.02151910573,141.312629176
241.712737125489,226.095390813
315.941012503985,275.107841501
171.07930176749701,179.322244406
216.19380291665698,219.302594793
231.3411742644,228.206890406
202.907277407787,198.820451448
159.382152253844,173.932849819
198.495079510418,198.531828286
188.607526065194,199.762278234
261.052922545228,253.350300187
134.052118241009,144.444347662
201.81721615318298,207.195740991
214.0999675832,212.831537832
224.69123222975102,230.628428336
184.723255275695,204.056608128
202.625681402225,214.066342967
185.31628465693402,186.25373105
189.15042820186298,190.997200385
195.831893874211,195.450308002
259.205858667567,252.740615487
241.294200937472,243.876410397
181.739741832912,194.571437863
264.96236212816603,256.746226245
200.800038728729,211.410943102
234.089353718126,234.209593893
195.468446767417,192.567429186
200.400958006719,213.011456956
215.094551676427,222.312314771
209.37496725014702,215.366859917
182.50182785653303,183.34433515
194.9853052125,201.708172369
268.665265560381,251.974448952
168.179697508111,186.94131342
222.693121686357,217.123348664
207.25048972833198,210.975583069
186.305843214147,187.911256523
234.608735055522,231.117969105
194.717366963469,208.151999401
235.18257728644298,264.862048668
292.59983138780603,287.959804866
197.309327491982,200.590735385
220.64349202228505,224.948652133
248.30389840404598,240.758408765
248.178388473391,242.651058801
253.25212476236496,242.055237213
168.956969692551,179.332878239
155.850849131105,173.674774486
205.358799046931,206.868148297
200.906593192033,206.211068593
198.526584152757,194.248449982
225.78238800802998,228.065758462
81.90721662605951,98.4047455835
197.119421388316,212.131638914
227.085464843414,223.134881271
167.049817864284,183.399953656
204.407772659753,231.62372008
172.501804137986,183.403465426
199.660631847938,207.08755203
180.565441328999,182.614941782
188.26810401427105,188.041973144
274.09317913571,265.095304595
224.52190081266002,231.151333906
225.477537198499,224.662402839
202.833098243101,204.571689097
204.08119350039505,203.244376241
224.55455821473305,217.389756815
204.57348967853298,209.930470199
204.90211987340302,206.443415383
192.21507392426003,200.645691676
191.57868588098304,188.036523117
212.788013357753,214.612992784
215.409453140012,216.300013282
174.085808938035,180.641505628
329.485989120567,292.516002808
157.553930101795,163.803682328
182.85128586898705,180.969768694
236.66220422158798,239.789538471
187.452712552221,183.20155565
212.390842925872,209.438165877
209.596980318702,207.771511078
183.18062182664505,191.471619042
155.61482686517098,180.888203549
207.25048972833198,210.975583069
195.130782747219,206.219159437
215.342842482364,208.16620109
186.58904959986802,185.812759997
207.889123828409,224.695304193
245.661799199766,240.810873653
250.674602976463,245.98338839
201.768912717514,202.686444862
194.82364312309798,207.277120979
148.585120678994,169.320597764
253.37977604762298,256.031882347
207.69925820810002,203.473552329
208.244595507366,205.786534379
195.555294642785,201.934911187
216.12043350624901,213.146473012
167.267702584278,185.038542607
199.05966301303602,202.780611663
222.558003422921,224.470535191
182.057602268636,182.836762099
172.774680453483,175.36503684
236.352446449369,230.693628244
184.298249632701,188.946611243
224.57067937756,224.400837081
196.66414181355202,198.512935849
199.193365221501,194.642879558
191.787686844439,187.592419738
217.52116181625,224.832834831
196.90188418143902,191.710447904
171.95294363658402,172.518534369
215.801439156262,217.361853168
192.428133562342,203.781803277
210.280820717391,201.940536181
216.579752167284,215.741807344
203.969589234558,203.030064258
243.122991758011,242.408034499
238.263969584809,245.399243865
161.529128829673,163.32071828
182.841198009232,181.78400844
161.379038599285,168.04323141
176.18211869712,174.600030695
162.637834539928,165.913395194
216.948986779055,213.685739136
165.334884575881,181.90557903
202.456277241084,204.733723987
261.300369223119,235.495157576
229.745303868983,224.49796029
180.130657850882,170.447961868
202.466977478101,208.746125831
266.535608800422,246.046957859
195.23014022204103,197.005332669
190.48960373154702,206.349862841
154.182167317782,183.997272592
175.508077325209,173.145904479
198.16325121511105,199.912583303
262.187962240221,258.834745185
190.02007427654,190.559734338
228.965533800615,227.999005758
213.18901078436298,217.951308275
179.60976388600795,189.914044612
209.85775909133702,212.866431124
237.974552287478,234.90003792
126.625142874284,141.472233463
249.130950780759,235.973759222
224.37861544909,226.20481231
262.509545611678,265.012225326
213.831869873861,205.954965083
227.187064828041,226.382881531
186.86050114218003,187.434395802
183.240027681312,195.849591724
195.811664269104,209.276477002
200.951012517206,209.728994954
147.023514468912,154.624363543
267.642652760778,265.419037998
182.512837734958,191.766599471
211.6910380064,220.860770286
226.695653859977,227.635956332
248.678501459431,249.760081494
246.669643851623,240.103966687
233.47050095827998,225.565426617
221.024964903485,234.533166649
231.944628697449,236.043233694
175.282868656079,201.812156409
203.41618435047297,209.098466458
244.486070984319,247.180488805
216.49417014388803,224.242698685
233.96702975881598,258.630599681
203.670158984558,207.191091274
185.39093266973597,196.782010582
231.950504017584,235.510443059
229.81365514377399,239.540310696
204.729813097462,217.747158713
203.939125136489,212.758076245
192.298099564041,194.627951433
225.472484474304,230.55247118
190.39434617008098,195.753613485
186.06547195035702,195.646003916
212.102008516433,216.77226938
158.578118235957,170.705199186
183.411631365162,197.161858612
170.778858364392,182.724232151
160.26059606933,182.578268419
185.698858177834,196.540061874
150.400516708798,158.06357564
163.583205889307,176.575190279
150.6619551924,172.252580831
112.206521439857,125.457605095
180.45434309083905,186.262667631
190.54577769781602,195.737571513
157.152155333999,163.776825712
212.27306291322498,212.440125311
211.60057246005402,217.757401914
197.913171988873,203.587888597
156.57213609041,167.659123463
142.783293682176,161.834641427
146.300317254553,159.228147197
140.160196410291,150.488262723
205.29840803246003,204.484989949
160.089944119111,171.697648579
185.55069632461002,202.110172999
183.76747800909803,186.202990597
185.19158876010601,198.503933182
195.18285593488704,198.646346694
195.410597394527,204.803003345
217.753647436451,223.56661314
191.816837229188,208.941631351
211.56930941033798,218.173168226
213.17470314062,210.549165621
218.08229246251702,220.155413483
238.739788585826,246.192761129
211.50623462086602,202.790220474
229.986313564815,226.510615633
191.25967282831002,191.507532539
257.502886560465,241.049611184
238.318260046059,227.970677264
214.30845668251598,216.898067524
188.102605126275,190.676299181
176.413029361269,192.629739105
196.138034234841,200.48568524
253.66100879036887,241.660722236
220.623507817944,226.948693632
178.666914538844,191.535560822
223.915971513059,220.214989687
267.338202232642,277.199581363
211.521372879741,212.871602948
216.37235832691002,217.120009555
199.238280695042,200.556723365
175.513668007454,193.626930522
186.984589881454,190.872258024
162.822506707093,169.040390357
183.200573775384,183.954725275
209.627643387846,209.690712167
240.028747768134,236.916794342
186.272046412337,190.930083129
176.652325373086,190.319101083
204.636791366152,212.887153464
235.156859946564,226.421034718
152.81963723498995,157.925474497
207.41853108474498,206.906987527
170.890134532032,182.157433892
171.608691644711,181.672189764
134.467675833053,143.775556808
181.818904237779,179.435871755
187.78613145173802,192.649338594
188.474409422253,189.47548924
191.38408565779,202.280335311
225.94106026986302,229.372196522
177.527217444609,190.903842193
206.72174597649501,212.650058747
183.999449623392,189.957664948
196.61930848378398,205.804693599
234.05727875382004,232.398015557
211.99412179173697,213.648397953
199.704294273227,206.320903985
176.56595060828602,182.854257873
189.187904593048,184.654267834
189.10904660034,195.224796433
199.33695849508203,206.016337383
208.745809062044,205.808105405
187.105734918128,188.22889244
193.97369386118697,194.888642473
266.622832879553,252.840324522
170.66979802532,172.487398545
168.705510940692,173.111325795
255.059652758389,236.749727678
196.883806347005,198.734849255
204.797094145351,206.833410569
177.36089233417096,177.076070876
227.265568624656,230.55588507
168.259244120556,177.713466301
242.80843069801602,238.92460564
209.979749403286,204.479819449
205.978206912079,211.920566529
140.387803691815,156.745909475
167.081239114048,166.19439825
198.874033328834,210.204294447
190.856320908117,191.328619455
197.435121260911,223.001862369
236.156794409522,233.34638495
157.906600795436,165.177045519
71.0334960431029,89.2622611782
210.850918985845,210.281847272
229.66722447047798,231.626905011
285.582505960323,266.854592098
219.742801306998,209.164826041
200.72591580036598,208.421422476
189.58208454679,213.688724368
170.65610528100402,190.035991092
227.785086697617,226.212978198
220.326400049016,219.081723424
160.642787849189,170.230032007
187.747757602199,192.360877413
239.08051096117,230.098855603
240.020896490802,248.000590224
239.593180789049,239.23179227
252.781674389189,247.638583186
247.587278107335,245.150884083
229.920933687431,226.602118641
188.96975567769402,185.841665155
198.959440641095,205.27324141
247.68165860209,244.911860282
144.397995946964,153.186034846
227.57942863610802,227.585976731
246.829836919337,244.215671679
236.738027642808,238.624054464
209.380896511547,210.342516918
203.023618227631,213.242781854
210.942787726475,220.938662562
159.700721163465,171.877612187
222.98892073192903,234.960924538
242.71514007997,239.879403468
255.288199779273,249.672025783
132.42359430119302,146.832869142
193.961304112962,200.953500335
176.86907445200802,181.164310973
229.05751859493802,230.074243441
229.64732852667703,236.875218422
217.914727919133,212.352850392
187.743369932523,195.394322289
238.995762803873,231.817683092
189.501774291847,199.962915234
207.38181203169498,207.339291373
195.90793823449602,205.175956835
191.07548552950803,193.719612617
231.602602331678,227.918367205
236.928617647823,230.093223483
169.86388913512502,189.780510532
176.668908395007,186.075912301
201.14187731889197,207.790439931
259.83101056917303,258.510662286
186.133435580563,185.617266269
176.168420165171,182.006948083
196.87448425834702,186.511408257
167.818510890841,174.079743399
161.120754892833,169.576065935
175.540898039207,180.827214858
192.40665589588696,191.138226279
184.672071456293,183.545744807
242.40557430886105,239.229532548
239.225436014506,232.484792571
237.730114108689,227.358744863
207.775033208033,216.216787606
185.59279907792,192.001512703
220.44979007123501,223.819439958
211.668495446875,215.225701802
172.769677054685,184.868616444
210.249105583979,212.46295839
272.112230349897,269.707937325
185.020343359155,191.872927251
237.276762302677,226.89733016
225.058058589564,227.671865481
192.255347270008,198.578809695
205.70626113911496,206.055767266
213.835993816445,215.787352873
188.16475211911705,184.147008005
214.02415828077,227.143884282
192.834390274865,210.682239356
206.39173199172,205.556736689
261.307223587159,254.298459097
233.04030385752603,236.34988195
230.861804859253,222.848806417
202.81040149105,215.568301859
180.470712734323,187.842461537
147.173456386836,166.939794494
202.192826077376,200.381523271
198.177041073286,197.391132309
238.646911573544,239.448821989
213.42849972708598,218.890878025
216.96972573062197,218.361330752
158.708869511746,171.658844539
232.337033670047,232.133922083
215.430928310883,224.17281757
238.390387278845,239.1293163
228.79558520657105,222.92372236
235.79981301862998,233.652476673
226.54452522974304,228.35381866
232.86735904761105,234.011818559
205.498147559379,206.711024975
216.066200701708,216.253147002
175.859565449682,182.310022577
189.67403835046002,188.8011371
201.410904887379,200.748879679
195.07302068652,193.324698839
169.48969080202102,186.194508333
227.790699641395,227.015488331
197.729306068282,211.402278991
289.730813809861,267.992685847
175.59164445266399,179.086098955
174.009940548792,177.888138335
187.86599744873,194.485775909
225.47810757799,221.671649816
201.59416389141003,200.439646558
186.173123502862,194.577863043
217.403355047149,215.774473504
184.62184021788502,190.455027586
232.98908461685397,228.702744516
259.55588739815397,253.103088427
193.470546942642,200.574349952
207.09244823308103,205.128459564
180.23710328308601,181.783940115
237.79411762786305,229.556173876
257.322266880904,253.151102099
202.557462485779,189.893339256
187.828107329008,202.097497996
171.041673320029,183.022830317
158.42406363198901,164.432362642
177.057231714464,177.062363895
230.65829833093102,232.549993973
206.731159469434,217.166297394
249.705080988951,246.265814079
164.40514975992,172.475798278
179.635968363959,180.488924365
232.26372835507598,238.216860667
249.62840373116902,248.608041916
227.70767034891102,227.556384268
161.238798904431,185.765133776
192.783681545651,202.891628162
207.13282705720601,208.467855193
179.16549115246002,194.169411439
195.149225678834,201.508053553
223.20961358611598,228.538273361
199.34164382531503,205.996221183
202.131596202733,201.537829124
206.456493234949,212.034189182
199.933454653949,200.724874726
201.742354764682,200.844030811
175.325305531711,175.165057486
229.79789510965,237.045415828
286.513421649984,266.164097697
243.899076326745,237.148347985
185.096241107209,186.102037959
213.57698427162103,214.739742008
191.021192547528,204.283119555
194.42822422334496,190.200721965
256.645331676075,243.567338156
240.311227637143,232.071932872
210.36821022843898,204.255028254
201.151011969388,212.150223284
254.93022426052897,249.025402691
215.13983276323899,210.14569426
154.99026600033,162.975597266
185.299748148291,186.868719414
241.457050604267,234.53647781
290.295010428348,267.449610937
195.234722511091,199.075129947
206.504926630092,202.7213454
175.684247968671,178.915038317
253.22943190696486,257.399203947
178.023652436086,181.340357658
228.941413306598,212.622938324
190.992526222993,188.76955816
197.646479408433,212.411322684
202.65135627747296,208.751491161
207.25048972833198,210.975583069
184.840445359025,186.997135633
204.247318834438,201.178558193
259.107466240566,262.313453432
198.43257329781503,203.394160417
207.978353621421,199.462671103
171.608691644711,181.672189764
275.73324657767995,262.878810521
192.228594674752,194.733466653
186.971162208768,183.186196903
163.092318661651,171.436335837
195.198046278008,203.660835809
175.187574760924,179.285785528
239.39233091570202,240.416609969
236.867184233744,232.825116042
185.658488625579,185.660816071
190.723733882075,189.394710106
173.25807809890804,189.552063402
194.60472197589402,205.312839683
222.306287180857,230.164367606
222.25148772065398,232.358968778
135.023454460884,153.546802336
172.82812967753898,187.926405939
