211.33228191630002,209.857959992
262.913229010616,262.271238167
170.603663114885,177.424221431
192.592059524505,188.666839134
164.40514975992,172.475798278
199.59568813354198,213.71216678
185.31432353917802,193.690981849
229.874571134571,231.171093575
207.03873252810502,212.413567109
202.47304898213403,203.225941108
159.889393199353,184.643908495
169.133341488492,166.849373009
193.10402998543,201.956211588
190.016190056884,206.191414672
195.533794721626,202.114794977
236.722947197812,228.28237852
116.296463211551,146.253655194
116.296463211551,146.253655194
263.419171153626,266.589000103
172.821007720429,180.033902808
186.21223185568502,200.509204488
170.039604112149,174.398297788
192.699986652564,196.135364539
196.019021400723,205.783285819
189.73359008036,189.496256876
201.52885974099,217.881109802
198.78501045246003,205.954577358
204.503170619021,215.854609651
250.92606474512996,243.552053637
193.265248195605,198.143844738
177.110619232101,191.085745614
179.837709182037,191.243393559
208.750556404159,209.070896391
188.434185751996,193.241236369
215.23819490722,209.149078856
190.505193281874,192.045978068
209.20958573619,217.202875157
197.543374657321,214.890545219
189.85761034720102,194.865327454
211.879184554104,209.017205938
161.782573740043,170.603052374
180.772830820112,196.105225628
155.322909841812,160.475558069
192.37611885137798,189.837325706
227.92639177577203,223.466238206
164.40514975992,172.475798278
121.30313210381,134.671698045
210.976095565745,219.702377502
169.42835435851998,178.020917473
217.7697701891,222.345225232
236.414166713919,238.686609575
199.71736853106097,206.115845555
208.89459942551602,211.527525658
151.897676683119,170.782404136
206.44373171969602,218.772298078
185.049932988131,184.249410591
197.814214739295,198.383350495
242.556819638525,240.294623285
231.952479393044,228.945811799
224.850923549753,229.542429955
219.54878470936902,217.400250976
228.164353031176,234.47427221
246.15241689450002,247.304395291
210.48858269716098,230.059540284
195.409780390551,204.069474881
233.55498641907602,229.09628373
217.09456287913397,212.2482418
178.370741421573,177.88656992
205.11257505855,204.48613903
170.549063470326,179.604040526
234.532998405797,236.136551431
191.272278223671,192.044100814
259.074409367318,245.27146129
195.484091413919,190.176550376
271.76603988932203,255.337740628
247.36680852913503,246.804854168
200.147982367204,203.760067637
235.29760549073399,234.720242301
264.587549992312,278.750789869
180.268962193623,207.749612609
214.666347766584,215.908928786
187.077391305318,183.623622544
138.929324801159,147.253831679
175.596755975435,174.431369696
189.05943202791698,201.707263066
204.739487651238,204.340075591
257.778289530382,251.644029579
181.442929029217,189.406204887
182.03551920832697,194.821325842
239.45536448445702,228.086341784
231.05269487280898,223.968887411
222.22059699322497,221.279772705
185.256173303204,190.996702543
208.446891194445,207.900191866
194.18274564374698,194.99869633
227.50671499071203,233.185963569
232.39961583236,229.370440442
260.927275782832,248.62666656
217.763356334058,216.32682686
219.569921378588,225.14112863
194.00335861591998,198.548880204
168.224651345807,165.334895603
216.95212236474399,222.487767563
233.69956085107899,234.210682205
181.502807391903,181.977417546
160.634352603004,179.838272254
201.956339328083,195.081294216
222.207711433499,213.869328431
183.88188711860002,191.201613947
200.98463626087897,214.187571438
270.79157195205397,263.793959657
216.591233659909,223.359575876
201.877825853616,204.379003419
261.243986314792,252.361424645
218.200297335114,221.70752433
198.68705890698996,210.726910215
199.762098331591,196.509855781
183.771005077155,185.593956063
178.502259646715,182.859409185
184.62447020034,193.768950953
166.347593508268,190.40873421
199.322372917957,212.20507022
186.88925999075298,198.255408419
184.757477133736,198.188068833
165.25121879323402,174.168718011
225.72321722716302,229.337419139
223.087706892938,236.564187522
221.215338373581,231.687762193
242.90301836360402,238.042499656
278.169661434879,269.732874216
205.43016595054502,217.144173299
209.101352251206,206.622767197
117.447767263054,125.330248419
167.060359494437,169.535726812
196.954780880956,200.591231753
227.52705997004298,225.530946985
205.302496222617,211.819760149
124.36364519928001,140.127409141
213.731035339794,216.215503114
223.418542940471,225.063245321
209.907926750239,215.732255671
178.424758377618,182.28669395
153.397268420217,166.816338222
279.15084891931195,272.402714737
222.550541916505,221.748040361
166.114148358193,171.848833761
201.818267517331,203.391999515
197.51897301361998,201.914448094
162.167548849624,165.160896549
213.748056977768,210.430495063
200.15793453853698,214.532848337
177.29283873684798,186.012846174
164.40514975992,172.475798278
195.61544954638902,198.100570281
211.398472818386,206.012138381
199.739686326285,201.723956129
194.31219690933898,193.49439932
237.745882507737,239.789185358
222.202760028222,224.935891731
264.067717584724,252.391618913
234.05395320723,236.802644563
223.603429460619,220.712579673
199.317835885297,205.459076171
234.70944218398103,238.956625893
317.97648389783797,281.550927819
253.293504347453,244.717982195
153.29542287669,160.484039656
203.93854616522802,205.503332936
196.554659245118,200.376792624
198.556926557613,209.072439196
196.858154704833,202.788441378
172.098659538562,199.278889947
173.171712561959,172.516791144
216.691843497999,220.525002186
187.21307279600498,198.35424267
164.40514975992,172.475798278
175.087124739305,190.633541181
185.34957109885502,188.335890256
182.770423219594,186.129517799
187.34203537335202,200.628208705
244.018056846778,249.249921478
210.042327302677,204.311078355
194.203330852999,207.860363024
174.18503490331798,180.770600547
179.54411860889,184.195127576
202.17467274030702,216.786271633
209.356291484995,209.643147118
229.14419400095002,239.471446243
184.81386743553296,195.207286785
202.98218950619702,201.157509071
258.869859170153,248.645599398
156.221779780803,166.864679853
192.852774254971,208.983809653
206.60245957137403,203.701683113
242.481103611546,230.467186785
197.787818919422,204.552189955
253.27883117206002,241.334977182
199.80087872899102,201.089004983
235.04308110356098,228.233728401
225.669205016981,230.931618489
175.675134914306,185.554901956
223.370939722775,233.14993162
246.26437695792197,236.148702167
291.88007626768103,269.031172059
250.71693763395302,250.330037922
164.918707502382,181.383698376
202.731070127218,206.009063123
204.633711052878,204.320415014
196.923683898321,213.895280681
145.015441736845,154.046701887
194.063760037277,201.632957136
207.14371572756698,220.156744193
196.887544989265,208.96408089
191.361523306847,207.588433768
222.44546373547902,237.529914538
187.979280160874,190.200568397
230.794347446275,228.470028679
175.788612322318,179.227844455
196.56305373683603,195.910233139
215.24600770542,226.409338506
160.245442035696,173.018032861
163.066302322282,160.989830162
224.123312374445,225.433491526
207.601771406071,205.465067624
221.316482850158,229.531894127
196.03606118991402,197.365715351
221.699574017416,227.829613561
260.655435660434,249.327913848
210.43000566701198,215.224514119
159.517696181275,167.991101025
192.767728920307,195.949951662
257.32403695095,241.29863928
229.84547147357398,227.248321142
160.845053994286,167.041830862
225.31590055300398,219.592306409
265.511636749876,253.899861257
207.35121788680087,205.275464572
189.729887927216,201.126044108
146.548077275299,153.551368737
194.120906341091,206.550429443
173.122989693392,191.652624467
181.316776224485,192.947695102
223.941835150051,227.382248178
172.200770446874,178.045498708
158.868400231999,177.97861986
186.261915272499,189.479115493
147.470618971748,158.426978027
271.929331518855,257.965846869
177.628217450617,189.215390366
199.524394803671,201.543354532
204.98174216884,224.664233337
181.195040076291,194.66497165
188.455316404606,209.684647757
179.166108469505,194.244341751
161.605948369384,174.956499513
227.178627790488,233.478955696
217.561544490016,207.556723715
200.650125055753,215.674136528
240.308043035481,240.748732899
237.53761589439802,233.398024961
209.058422152939,200.156478009
191.83426036160301,193.695856845
196.233915729272,205.671979588
210.71991645716,219.301347703
199.665351709718,208.628147683
232.447383865756,225.927333969
172.62433518610902,179.64969227
179.641991301082,192.857309695
176.624525965756,195.148596173
234.84905340586,232.552499092
172.596693377199,175.283865431
173.948979883868,177.371354022
262.219225185884,254.441561062
241.682282462206,235.405580093
189.284544434391,197.41196611
190.22077041371497,197.889119936
205.959914855211,211.24692922
169.06918641026002,177.444174025
214.603790715899,223.680498212
236.86256331175,232.684109516
219.48696169119702,224.039741111
180.470712734323,187.842461537
214.549397738473,212.633122773
206.149670532076,209.349876299
180.58754597777,188.450858361
228.452946481514,230.308111999
203.263703359221,206.884389793
234.33226647992802,231.168262332
237.483575472943,234.741338937
202.081212354807,204.785803047
204.854217354696,206.349292941
219.11921070403702,222.941088142
212.224462159229,216.987778422
223.51780611988602,224.051530121
197.161311525808,212.212454225
137.216347043518,149.889116339
200.908962580145,204.821519897
185.070521842367,189.477849676
253.328154404006,243.904450795
206.751754163886,220.837521996
213.358353030037,220.283174571
270.74048649996496,266.180415448
189.770293108111,193.774363342
196.553216724394,196.789503999
294.971993215447,278.586290123
221.48467172698201,228.015874979
174.99734732036399,188.363801193
182.69739058442903,186.602337367
142.40725308907102,153.488291473
191.514417035316,191.855849663
212.70937471175301,211.392982412
215.125876961623,206.17492807
241.096552766317,234.205054833
198.73079028696486,198.657853107
216.079387384263,210.265976977
171.946719147015,175.88567859
238.886886327352,234.513731982
130.53193167716,151.412882578
162.58352529851499,170.356239947
224.255412991971,221.732975303
241.130701133628,233.401698336
212.990049956153,215.483930205
224.2438782804,223.336347428
164.791989729079,183.346830856
228.014091713334,214.108471849
246.45044428691298,241.408160199
247.244688165516,233.66082539
153.298157853566,157.499726255
178.289989746013,195.878721973
163.26314166111402,182.513994175
204.76426993782397,210.008898344
244.078503234743,237.238063704
196.41041373102001,197.090231373
200.30195933973098,212.955331481
223.567926323695,223.520105764
229.09310764008998,229.484551095
204.38664924348998,212.48710992
201.070329277031,207.288030512
225.738452616338,218.806798299
148.36905032543999,151.055034807
221.469075713904,216.562059867
168.788424764658,170.572797516
252.180158969604,243.041953649
194.32514129178398,203.590387861
217.600281173204,212.349228063
235.513912624254,234.938723897
211.478640667454,215.232164688
212.656733672646,215.678859749
224.784810684662,226.044714632
236.09818303799,223.064575351
243.15779919498902,233.915636112
212.384827477928,222.210097912
276.634947528199,273.838584301
176.576703117975,189.204871067
262.95383682232,254.197612756
190.224980523768,194.001838438
164.181017799002,173.835953179
225.440438318022,222.505984638
214.88264125817403,207.052947224
160.49716281033,166.904057827
218.720504075078,231.128701165
171.406857585707,181.867374696
136.882044440718,143.705247791
210.946591798743,223.028262976
251.350565982252,240.489677144
172.79844480988098,182.520675823
237.963846237325,231.795493462
273.21702417935,265.589663758
210.213302592159,210.347113695
190.56586210018398,200.535037628
200.52244824116102,199.734913362
245.650094748471,238.655812169
191.935859739444,210.704437203
208.55440885423198,203.316501922
187.946356820993,186.862789022
201.343958548959,202.191158287
180.11315251710099,178.902266215
191.328387081614,196.161781467
178.245420093395,182.182011269
198.17307476198602,211.684695724
178.20009798770099,180.255011135
182.155606080551,186.120335044
237.456906503815,240.565036351
224.089117524237,219.91948137
220.973480460069,213.887458756
161.934163652586,180.367172185
213.443825058202,216.630446414
250.96697786382302,247.235107713
215.40182874542703,221.737920543
200.839103030984,205.162095173
224.233443872463,231.90895955
197.432712958326,216.561946383
214.64317370524103,216.600304012
177.04442642209202,174.69265698
222.25148772065398,232.358968778
222.88374983933102,223.472119384
164.40514975992,172.475798278
202.569298558338,200.076591489
166.954400648748,180.659564426
224.954273588944,232.287837557
176.92722851262502,186.720312324
232.70373792400002,220.207644052
164.237173856459,175.963745664
173.70217158118302,177.247495833
214.155135991715,231.688915947
264.309201818879,261.414610388
204.24479799032397,246.62739546
154.78865049376,163.368892225
243.234136857465,234.890152418
173.72011249308895,177.940161315
221.581243644902,229.623883261
155.779108973354,160.151362451
166.341055092115,170.02055956
190.63651492431998,194.703834268
172.68855642834401,191.739822251
213.575336525349,233.128189426
224.54213262625703,228.880608665
133.890780074897,144.914257714
219.389659716474,220.970187737
168.820095099703,182.216033271
184.283825166874,186.605040009
190.72966688561505,195.975490224
183.10659826711003,204.426680639
190.471908902754,184.868346763
276.95030109385,264.560628027
160.98251806498,165.623563608
196.559833660664,210.790026508
195.66007079539798,213.421939315
185.800138717264,205.999213207
214.267311906252,228.814418637
94.604436039476,112.327638227
247.51125982535999,236.188799324
211.386186610716,215.962862205
286.701491760984,278.682503626
281.265640475733,261.963397385
187.480319123452,186.563778245
198.270501781767,205.603435944
194.855349507687,191.703844942
210.45240878280399,209.968868089
227.114997343455,232.237975498
188.295095332906,204.527181408
220.761512621635,217.011864597
159.84990952776002,166.033152364
225.978111275727,213.424204581
228.50528729260103,223.071354285
163.15393284790198,181.308095144
169.831709727856,174.410712923
154.79227896447202,166.367954201
227.028993357826,221.389671958
192.30053533636,191.661113292
190.95676599830102,202.187014211
252.405974582477,245.721805476
175.608394098596,176.514836925
184.25913848681802,186.38735463
243.52397677209598,237.102065068
249.060472464102,244.924919513
186.218930749874,187.174962677
166.72086411706601,176.885272429
207.76454951659198,216.161779228
243.040822264694,241.474551712
212.758190619365,213.9420841
182.397000896578,203.445477777
293.473607359762,259.282263866
247.750500494222,240.356055165
177.93894341730498,185.470512086
247.32405146871702,245.431919492
226.391516806596,223.272284027
185.80955209181099,199.846423992
162.244057948747,186.689145956
211.803093896614,221.233596628
194.66569859896802,194.859971177
206.75095554382,205.581535457
171.75863750467,174.624530465
160.22098883587,170.836912112
200.00752981704102,210.500381332
250.279850399967,238.470153639
191.915457356533,197.310830703
173.837798106869,175.491865791
172.11486660171397,171.50521579
196.959062536714,194.499986722
181.628474985402,191.391936078
236.39217983164002,223.110750248
239.044024382993,238.23045963
181.704815199516,192.997419724
219.86590667198,226.358539452
220.049138755369,214.291007297
219.51037597519297,223.435872936
231.938467398963,241.072621636
148.053534435085,171.114613617
186.79177068646086,194.480645525
235.962396609352,229.74982942
264.45271792136396,250.904660891
204.42929652878502,213.615765409
172.44313510066502,191.113074707
181.624180604305,181.243660267
188.47924129539902,187.056634289
172.44549147207803,180.04702941
162.897207385944,169.914084399
200.434028175922,203.980969955
190.305704709828,188.507157701
228.768644428015,230.12610853
203.681399959636,204.221083124
253.12281898337997,246.911012745
232.243855894246,227.5258348
181.919600120241,187.138311478
150.635973474971,159.034031966
221.555756808125,221.973945918
225.409601637265,219.797386724
168.095247431399,177.855976736
239.30500960473998,227.678774058
202.36300215564097,203.559256011
224.86346159917002,221.729981469
213.61546107600898,226.052162249
228.88758121197893,229.263395442
161.231078265926,177.23867587
208.36703025170502,205.875754038
214.985032167312,220.34346282
228.91387152765301,219.703948802
191.693919725364,190.716975843
248.887860639665,244.698799288
199.961765468183,205.930028789
201.593984552178,211.060865854
198.354015206906,203.008427204
186.54333973759998,193.036687585
217.537590741343,224.762718705
176.73226575599705,181.426035405
186.379130790262,196.151109648
148.05246306095,157.265531997
217.908114155249,231.786527123
154.282348869916,174.764169532
213.874509345406,215.592626902
221.095122241525,211.549078112
189.95307164023498,203.561705093
221.350741050631,230.962498234
212.867280347495,224.306477913
211.303606134707,211.913233997
182.737977098671,189.670129575
177.894346559991,180.99333729
187.753517810215,186.853324711
229.313881358956,231.718302339
170.93897831791202,178.016846427
158.836956474727,159.226608084
228.732061594085,223.986816814
176.715148586156,192.251864429
188.501471645561,193.202868941
120.902835614387,135.427210897
189.641917204529,190.67422031
166.937573712943,176.43098676
167.96500552790198,183.670286179
225.930112721982,227.529957322
249.313743948808,242.011283269
220.60776376296602,225.651304744
187.803083360918,189.740523206
223.93819516003398,221.944976438
178.47156310731998,181.380546875
259.392966087556,239.844741062
186.410936281477,188.427889574
216.083586164305,205.007429512
257.934608660499,253.06629312
187.027120198463,198.746810326
247.71810160339,239.738406218
191.85966168582002,198.068993592
218.77170142478002,206.555573278
210.297782997529,207.673836254
182.961048391102,187.94518516
292.479737480984,264.078701245
187.045804391557,193.240365578
217.385111264127,218.146034827
177.434853522453,183.059258952
247.30788859370602,240.228117554
181.81039635839,196.835072063
226.097620320459,231.983940505
140.894506389962,154.514831012
184.33130606465699,188.498448674
165.048178158881,178.712398914
190.47453977722301,194.652945011
194.395207242233,191.145683203
185.33239379521703,192.680082969
263.045761709085,252.335541839
229.76940003044498,230.156155293
180.35096074307597,193.365360666
239.134648087145,248.616478077
182.340194452704,182.257957775
201.034742738134,212.871290713
187.024301575844,197.598584108
244.869242928116,236.949222815
238.997144463784,240.716905654
158.220636668003,166.510339329
173.875134508798,170.706902154
244.66910225343497,232.472569849
174.03338330501,185.742749974
253.43821917951198,251.060006059
142.100915849401,147.070230314
187.256999036993,204.897818762
318.9811452416,284.081357201
225.447624229052,213.528282332
214.511424583638,220.596857979
194.352814602124,203.942026261
206.51977102463403,201.96190582
181.150426987243,198.486259598
208.101961786461,211.191021576
197.118942427058,199.155310061
179.606029744207,196.644302677
185.05608339251702,175.925080689
159.531011188754,164.870001174
162.596767997455,167.560981512
172.615995648186,179.892180021
152.186552488334,153.27202621
182.922536470928,185.787579348
230.083296141171,229.245898603
227.65930436828305,223.894722993
201.169332679716,203.408556602
185.066736947383,194.521667134
181.358839858154,196.174139059
180.589714962366,189.398806071
229.122724261637,226.9036686
184.429009758216,199.049231244
220.017154939711,209.921833482
220.050132386208,232.575807884
178.953716369898,188.004586196
198.08700715660305,198.857375934
206.473756205367,209.52706938
173.338042480328,178.997664214
228.763403587311,225.01440128
172.358247881508,179.423618104
201.584393375469,200.022774656
191.063955481286,206.672539743
199.41522658914602,201.987514291
202.66345410297401,213.560324025
109.051693003675,125.110038324
194.48122863214599,190.14124482
236.558932683539,237.968581797
173.84668142956505,178.143863912
228.2865756334,228.074220495
227.285785429958,225.042655885
179.507228017151,184.076233686
159.93761470967698,165.346980899
175.769441360564,185.00405913
174.10261920588601,179.766722059
171.608691644711,181.672189764
241.870330353857,235.137241361
199.26069830038202,203.065032991
225.385926724707,220.783677911
183.57304446084493,195.182664324
221.117746877446,217.395424095
241.708148468539,239.232897154
229.16421344992298,225.314346416
178.940108381004,187.964302807
172.20144782114102,203.725579545
186.149641413989,177.923641212
243.544656416104,234.642140141
203.20947413872298,213.171746553
274.950799553844,262.539751097
161.753361930485,181.760797064
193.646238959673,204.504171256
210.336279566407,210.464428505
194.07822414190701,198.20604944
168.811905681878,173.292585398
208.118455560196,219.708692816
241.08551754826303,244.926480308
252.743428129948,256.928783437
179.249387935052,178.922562799
177.294051747501,181.16854315
177.621798623,182.555566357
197.672678991076,209.34776935
154.47538070918998,176.963264533
209.843144110182,215.292754927
184.933748152312,193.10147414
210.003199227068,214.854122445
179.166132151223,188.477033907
186.427112035608,192.83407101
173.783161351563,185.091053091
196.637851052832,203.043720242
215.551920599873,215.801506729
190.86975636268602,192.20198796
178.708669583909,180.334026978
201.958403528795,199.280900051
191.988966855097,200.938625676
212.42803429992,208.856666913
224.880069233855,220.380202183
201.59470790800896,202.852533701
182.953841080879,182.73788739
201.580716213629,208.557670577
197.755640516627,204.147067064
232.78234833508998,219.95148558
213.092853021882,213.583924886
262.791319912046,250.025533588
262.149697334794,253.410403736
209.73144377704497,207.926577934
230.39120752217602,222.097795651
252.52661574925,253.192147476
230.05865454558997,237.047583572
247.507022035782,241.742163088
241.003740097577,239.407637245
210.899473686532,224.625845783
242.23837908700298,239.89426291
243.111381822669,234.064980958
164.536249168709,169.790243102
185.622092071865,188.738246254
193.326581977292,195.702551673
212.615702516088,219.235344724
175.155699114857,183.339439105
184.78766294405798,187.388232879
207.892845720238,212.598384779
207.14695446919998,211.269722076
182.31893742297,186.760426132
223.96230325208302,215.484772684
176.97363747155498,183.170501581
183.75841337456902,186.347237402
179.906146356328,191.621383814
189.99560799857102,198.249916934
165.051399200341,166.791099491
214.22622330109797,215.152772438
198.299453087287,201.612949824
172.835818993078,173.645338927
171.081716663493,191.34970134
219.772374607822,227.304824628
193.423442051297,195.546257438
168.499205868209,169.430842965
229.775905760091,217.652209317
180.791434347233,184.885028814
193.788468116571,185.604947302
189.529063427129,192.164415452
190.121060333525,196.346953924
192.80747935527,206.533469389
176.996666164296,188.473324643
215.50301355619203,218.068892458
213.24719357980499,223.87918601
224.14129345618198,237.275850217
235.484052665579,235.278760025
177.96996066643501,184.055018794
181.968189427084,195.339027347
236.300859262883,232.521813841
207.25048972833198,210.975583069
170.01640515293101,193.882357573
157.818871220245,166.854752477
156.631976253785,163.560803714
209.32088044472096,204.652876189
194.576796080056,190.532934185
175.553596151302,179.705567141
170.081756044483,183.843406733
194.37273074840303,192.364758171
193.39357478882198,185.725283759
180.37494971463693,179.702015232
177.77056702388,185.628630757
205.34011088478698,207.299348619
259.254088266841,238.972384872
205.897060621069,203.196478506
184.99632538618698,212.249769427
205.73611828397597,208.746358739
190.73415877029998,195.474424736
208.43001555170602,205.260830815
166.691674989951,172.325583201
292.279280031437,300.077863294
135.023454460884,153.546802336
142.114225868473,153.671058412
176.83712855062905,181.20894453
155.619010494249,165.832727608
224.788802250865,225.777330136
218.08153060942504,219.113944573
243.640191141414,234.623772011
232.584893342989,222.613561464
175.069469972592,178.275891258
217.751280595367,219.888216389
220.70660864702305,219.423182546
252.158722669175,247.099857048
208.741317050891,222.554102504
219.262433325881,217.770484262
221.891951202135,230.69426744
